Nome;Data;P - Total (W);P - Fase A (W);P - Fase B (W);P - Fase C (W);Q - Total (var);Q - Fase A (var);Q - Fase B (var);Q - Fase C (var);FP - Total;FP - Fase A;FP - Fase B;FP - Fase C;V - Fase A (V);V - Fase B (V);V - Fase C (V);I - Fase A (A);I - Fase B (A);I - Fase C (A)
PowLatec;30/06/2021, 0:00:00;42,91;0;0;42,91;0;0;0;0;1;1;1;1;0;0;224,04;0;0;0,19
PowLatec;30/06/2021, 1:00:00;42,91;0;0;42,91;0;0;0;0;1;1;1;1;0;0;224,04;0;0;0,19
PowLatec;30/06/2021, 2:00:00;42,91;0;0;42,91;0;0;0;0;1;1;1;1;0;0;224,04;0;0;0,19
PowLatec;30/06/2021, 3:00:00;42,90999999999999;0;0;42,90999999999999;0;0;0;0;1;1;1;1;0;0;224,03999999999996;0;0;0,19
PowLatec;30/06/2021, 4:00:00;42,91;0;0;42,91;0;0;0;0;1;1;1;1;0;0;224,04;0;0;0,19
PowLatec;30/06/2021, 5:00:00;42,90999999999999;0;0;42,90999999999999;0;0;0;0;1;1;1;1;0;0;224,03999999999996;0;0;0,19
PowLatec;30/06/2021, 6:00:00;42,90999999999999;0;0;42,90999999999999;0;0;0;0;1;1;1;1;0;0;224,03999999999996;0;0;0,19
PowLatec;30/06/2021, 7:00:00;42,91;0;0;42,91;0;0;0;0;1;1;1;1;0;0;224,04;0;0;0,19
PowLatec;30/06/2021, 8:00:00;42,90999999999999;0;0;42,90999999999999;0;0;0;0;1;1;1;1;0;0;224,03999999999996;0;0;0,19
PowLatec;30/06/2021, 9:00:00;42,91;0;0;42,91;0;0;0;0;1;1;1;1;0;0;224,04;0;0;0,19
PowLatec;30/06/2021, 10:00:00;42,91;0;0;42,91;0;0;0;0;1;1;1;1;0;0;224,04;0;0;0,19
PowLatec;30/06/2021, 11:00:00;42,90999999999999;0;0;42,90999999999999;0;0;0;0;1;1;1;1;0;0;224,03999999999996;0;0;0,19
PowLatec;30/06/2021, 12:00:00;42,91;0;0;42,91;0;0;0;0;1;1;1;1;0;0;224,04;0;0;0,19
PowLatec;30/06/2021, 13:00:00;776,8722222222221;0;0;776,8722222222221;0;0;0;0;1;1;1;1;0;0;220,9932407407407;0;0;3,6338888888888885
PowLatec;30/06/2021, 14:00:00;908,0305084745762;0;0;908,0305084745762;0;0;0;0;1;1;1;1;0;0;218,7608474576271;0;0;4,397118644067796
PowLatec;30/06/2021, 15:00:00;41,739999999999995;0;0;41,739999999999995;0;0;0;0;1;1;1;1;0;0;220,43999999999997;0;0;0,18
PowLatec;30/06/2021, 16:00:00;41,74;0;0;41,74;0;0;0;0;1;1;1;1;0;0;220,43999999999997;0;0;0,17999999999999997
PowLatec;30/06/2021, 17:00:00;41,74;0;0;41,74;0;0;0;0;1;1;1;1;0;0;220,44;0;0;0,18000000000000002
PowLatec;30/06/2021, 18:00:00;41,74;0;0;41,74;0;0;0;0;1;1;1;1;0;0;220,44;0;0;0,18
PowLatec;30/06/2021, 19:00:00;41,74;0;0;41,74;0;0;0;0;1;1;1;1;0;0;220,44;0;0;0,18
PowLatec;30/06/2021, 20:00:00;41,74;0;0;41,74;0;0;0;0;1;1;1;1;0;0;220,43999999999997;0;0;0,18
PowLatec;30/06/2021, 21:00:00;41,74;0;0;41,74;0;0;0;0;1;1;1;1;0;0;220,44;0;0;0,18
PowLatec;30/06/2021, 22:00:00;41,74;0;0;41,74;0;0;0;0;1;1;1;1;0;0;220,44;0;0;0,18
PowLatec;30/06/2021, 23:00:00;41,74;0;0;41,74;0;0;0;0;1;1;1;1;0;0;220,44;0;0;0,18000000000000002
PowLatec;01/07/2021, 0:00:00;41,74;0;0;41,74;0;0;0;0;1;1;1;1;0;0;220,44;0;0;0,18
PowLatec;01/07/2021, 1:00:00;41,74;0;0;41,74;0;0;0;0;1;1;1;1;0;0;220,44;0;0;0,18
PowLatec;01/07/2021, 2:00:00;41,74;0;0;41,74;0;0;0;0;1;1;1;1;0;0;220,44;0;0;0,18
PowLatec;01/07/2021, 3:00:00;41,74;0;0;41,74;0;0;0;0;1;1;1;1;0;0;220,43999999999997;0;0;0,18000000000000002
PowLatec;01/07/2021, 4:00:00;41,74;0;0;41,74;0;0;0;0;1;1;1;1;0;0;220,44;0;0;0,18
PowLatec;01/07/2021, 5:00:00;41,74;0;0;41,74;0;0;0;0;1;1;1;1;0;0;220,44;0;0;0,18
PowLatec;01/07/2021, 6:00:00;41,74;0;0;41,74;0;0;0;0;1;1;1;1;0;0;220,44;0;0;0,18
PowLatec;01/07/2021, 7:00:00;41,74;0;0;41,74;0;0;0;0;1;1;1;1;0;0;220,44;0;0;0,18
PowLatec;01/07/2021, 8:00:00;41,74;0;0;41,74;0;0;0;0;1;1;1;1;0;0;220,44;0;0;0,18
PowLatec;01/07/2021, 9:00:00;41,74;0;0;41,74;0;0;0;0;1;1;1;1;0;0;220,44;0;0;0,18
PowLatec;01/07/2021, 10:00:00;41,74;0;0;41,74;0;0;0;0;1;1;1;1;0;0;220,44;0;0;0,18
PowLatec;01/07/2021, 11:00:00;41,74000000000001;0;0;41,74000000000001;0;0;0;0;1;1;1;1;0;0;220,44;0;0;0,18000000000000002
PowLatec;01/07/2021, 12:00:00;41,74;0;0;41,74;0;0;0;0;1;1;1;1;0;0;220,43999999999997;0;0;0,18000000000000002
PowLatec;01/07/2021, 13:00:00;41,74;0;0;41,74;0;0;0;0;1;1;1;1;0;0;220,44;0;0;0,18
PowLatec;01/07/2021, 14:00:00;41,74;0;0;41,74;0;0;0;0;1;1;1;1;0;0;220,44;0;0;0,18000000000000002
PowLatec;01/07/2021, 15:00:00;328,04596638655465;0;0;328,04596638655465;0;0;0;0;1;1;1;1;0;0;220,98605042016806;0;0;1,5473109243697478
PowLatec;01/07/2021, 16:00:00;1863,92;0;0;1863,92;0;0;0;0;1;1;1;1;0;0;221,48;0;0;8,87
PowLatec;01/07/2021, 17:00:00;1863,9199999999998;0;0;1863,9199999999998;0;0;0;0;1;1;1;1;0;0;221,48;0;0;8,87
PowLatec;01/07/2021, 18:00:00;1863,92;0;0;1863,92;0;0;0;0;1;1;1;1;0;0;221,48;0;0;8,87
PowLatec;01/07/2021, 19:00:00;1863,92;0;0;1863,92;0;0;0;0;1;1;1;1;0;0;221,48;0;0;8,87
PowLatec;01/07/2021, 20:00:00;1863,92;0;0;1863,92;0;0;0;0;1;1;1;1;0;0;221,48;0;0;8,87
PowLatec;01/07/2021, 21:00:00;1863,92;0;0;1863,92;0;0;0;0;1;1;1;1;0;0;221,48000000000002;0;0;8,87
PowLatec;01/07/2021, 22:00:00;1863,9199999999998;0;0;1863,9199999999998;0;0;0;0;1;1;1;1;0;0;221,48;0;0;8,87
PowLatec;01/07/2021, 23:00:00;1863,92;0;0;1863,92;0;0;0;0;1;1;1;1;0;0;221,48;0;0;8,87
PowLatec;02/07/2021, 0:00:00;1863,9199999999998;0;0;1863,9199999999998;0;0;0;0;1;1;1;1;0;0;221,48;0;0;8,87
PowLatec;02/07/2021, 1:00:00;1863,92;0;0;1863,92;0;0;0;0;1;1;1;1;0;0;221,48;0;0;8,87
PowLatec;02/07/2021, 2:00:00;1863,92;0;0;1863,92;0;0;0;0;1;1;1;1;0;0;221,48;0;0;8,87
PowLatec;02/07/2021, 3:00:00;1863,92;0;0;1863,92;0;0;0;0;1;1;1;1;0;0;221,47999999999996;0;0;8,87
PowLatec;02/07/2021, 4:00:00;1863,92;0;0;1863,92;0;0;0;0;1;1;1;1;0;0;221,48;0;0;8,87
PowLatec;02/07/2021, 5:00:00;1863,9199999999998;0;0;1863,9199999999998;0;0;0;0;1;1;1;1;0;0;221,48;0;0;8,87
PowLatec;02/07/2021, 6:00:00;1863,9199999999998;0;0;1863,9199999999998;0;0;0;0;1;1;1;1;0;0;221,48;0;0;8,87
PowLatec;02/07/2021, 7:00:00;1863,9199999999998;0;0;1863,9199999999998;0;0;0;0;1;1;1;1;0;0;221,48;0;0;8,87
PowLatec;02/07/2021, 8:00:00;1863,92;0;0;1863,92;0;0;0;0;1;1;1;1;0;0;221,48000000000002;0;0;8,87
PowLatec;02/07/2021, 9:00:00;1102,6005633802818;0;0;1102,6005633802818;0;0;0;0;1;1;1;1;0;0;221,37788732394364;0;0;5,247042253521126
PowLatec;02/07/2021, 10:00:00;0;0;0;0;0;0;0;0;1;1;1;1;0;0;221,22999999999996;0;0;0
PowLatec;02/07/2021, 11:00:00;0;0;0;0;0;0;0;0;1;1;1;1;0;0;221,22999999999996;0;0;0
PowLatec;02/07/2021, 12:00:00;33,45923076923077;0;0;33,45923076923077;0;0;0;0;1;1;1;1;0;0;222,445;0;0;0,14798076923076925
PowLatec;02/07/2021, 13:00:00;42,96;0;0;42,96;0;0;0;0;1;1;1;1;0;0;222,79000000000002;0;0;0,19
PowLatec;02/07/2021, 14:00:00;42,96;0;0;42,96;0;0;0;0;1;1;1;1;0;0;222,79;0;0;0,19000000000000003
PowLatec;02/07/2021, 15:00:00;1533,5868783068781;0;0;1533,5868783068781;0;0;0;0;1;1;1;1;0;0;219,1132275132275;0;0;7,5482539682539675
PowLatec;02/07/2021, 16:00:00;1789,7392125984252;0;0;1789,7392125984252;0;0;0;0;1;1;1;1;0;0;219,06708661417323;0;0;8,551338582677165
PowLatec;02/07/2021, 17:00:00;1907,42;0;0;1907,42;0;0;0;0;1;1;1;1;0;0;219,23;0;0;9,11
PowLatec;02/07/2021, 18:00:00;1907,42;0;0;1907,42;0;0;0;0;1;1;1;1;0;0;219,23;0;0;9,11
PowLatec;02/07/2021, 19:00:00;1907,4199999999998;0;0;1907,4199999999998;0;0;0;0;1;1;1;1;0;0;219,23;0;0;9,11
PowLatec;02/07/2021, 20:00:00;1907,4199999999998;0;0;1907,4199999999998;0;0;0;0;1;1;1;1;0;0;219,23;0;0;9,11
PowLatec;02/07/2021, 21:00:00;1907,42;0;0;1907,42;0;0;0;0;1;1;1;1;0;0;219,23;0;0;9,11
PowLatec;02/07/2021, 22:00:00;1907,4199999999998;0;0;1907,4199999999998;0;0;0;0;1;1;1;1;0;0;219,23;0;0;9,11
PowLatec;02/07/2021, 23:00:00;1907,42;0;0;1907,42;0;0;0;0;1;1;1;1;0;0;219,23;0;0;9,11
PowLatec;03/07/2021, 0:00:00;1907,4199999999998;0;0;1907,4199999999998;0;0;0;0;1;1;1;1;0;0;219,23;0;0;9,11
PowLatec;03/07/2021, 1:00:00;1907,4199999999998;0;0;1907,4199999999998;0;0;0;0;1;1;1;1;0;0;219,23;0;0;9,11
PowLatec;03/07/2021, 2:00:00;1907,4199999999998;0;0;1907,4199999999998;0;0;0;0;1;1;1;1;0;0;219,23;0;0;9,11
PowLatec;03/07/2021, 3:00:00;1907,42;0;0;1907,42;0;0;0;0;1;1;1;1;0;0;219,23;0;0;9,11
PowLatec;03/07/2021, 4:00:00;1907,4199999999998;0;0;1907,4199999999998;0;0;0;0;1;1;1;1;0;0;219,23;0;0;9,11
PowLatec;03/07/2021, 5:00:00;1907,42;0;0;1907,42;0;0;0;0;1;1;1;1;0;0;219,23;0;0;9,11
PowLatec;03/07/2021, 6:00:00;1907,42;0;0;1907,42;0;0;0;0;1;1;1;1;0;0;219,23;0;0;9,11
PowLatec;03/07/2021, 7:00:00;1907,42;0;0;1907,42;0;0;0;0;1;1;1;1;0;0;219,23;0;0;9,11
PowLatec;03/07/2021, 8:00:00;1907,4199999999998;0;0;1907,4199999999998;0;0;0;0;1;1;1;1;0;0;219,23;0;0;9,11
PowLatec;03/07/2021, 9:00:00;1907,42;0;0;1907,42;0;0;0;0;1;1;1;1;0;0;219,23;0;0;9,11
PowLatec;03/07/2021, 10:00:00;1907,42;0;0;1907,42;0;0;0;0;1;1;1;1;0;0;219,23;0;0;9,11
PowLatec;03/07/2021, 11:00:00;1907,4199999999998;0;0;1907,4199999999998;0;0;0;0;1;1;1;1;0;0;219,23;0;0;9,11
PowLatec;03/07/2021, 12:00:00;1907,42;0;0;1907,42;0;0;0;0;1;1;1;1;0;0;219,23000000000002;0;0;9,11
PowLatec;03/07/2021, 13:00:00;1907,42;0;0;1907,42;0;0;0;0;1;1;1;1;0;0;219,23;0;0;9,11
PowLatec;03/07/2021, 14:00:00;1907,42;0;0;1907,42;0;0;0;0;1;1;1;1;0;0;219,23;0;0;9,11
PowLatec;03/07/2021, 15:00:00;1907,4199999999998;0;0;1907,4199999999998;0;0;0;0;1;1;1;1;0;0;219,23;0;0;9,11
PowLatec;03/07/2021, 16:00:00;1907,4199999999998;0;0;1907,4199999999998;0;0;0;0;1;1;1;1;0;0;219,23;0;0;9,11
PowLatec;03/07/2021, 17:00:00;1907,42;0;0;1907,42;0;0;0;0;1;1;1;1;0;0;219,23000000000002;0;0;9,11
PowLatec;03/07/2021, 18:00:00;1907,42;0;0;1907,42;0;0;0;0;1;1;1;1;0;0;219,23;0;0;9,11
PowLatec;03/07/2021, 19:00:00;1907,42;0;0;1907,42;0;0;0;0;1;1;1;1;0;0;219,23;0;0;9,11
PowLatec;03/07/2021, 20:00:00;1907,4200000000003;0;0;1907,4200000000003;0;0;0;0;1;1;1;1;0;0;219,23;0;0;9,109999999999998
PowLatec;03/07/2021, 21:00:00;77,06747474747475;0;0;77,06747474747475;0;0;0;0;1;1;1;1;0;0;223,02040404040403;0;0;0,36808080808080806
PowLatec;03/07/2021, 22:00:00;0;0;0;0;0;0;0;0;1;1;1;1;0;0;223,18;0;0;0
PowLatec;03/07/2021, 23:00:00;0;0;0;0;0;0;0;0;1;1;1;1;0;0;223,18;0;0;0
PowLatec;04/07/2021, 0:00:00;0;0;0;0;0;0;0;0;1;1;1;1;0;0;223,18;0;0;0
PowLatec;04/07/2021, 1:00:00;0;0;0;0;0;0;0;0;1;1;1;1;0;0;223,18;0;0;0
PowLatec;04/07/2021, 2:00:00;0;0;0;0;0;0;0;0;1;1;1;1;0;0;223,18;0;0;0
PowLatec;04/07/2021, 3:00:00;0;0;0;0;0;0;0;0;1;1;1;1;0;0;223,18;0;0;0
PowLatec;04/07/2021, 4:00:00;0;0;0;0;0;0;0;0;1;1;1;1;0;0;223,18;0;0;0
PowLatec;04/07/2021, 5:00:00;0;0;0;0;0;0;0;0;1;1;1;1;0;0;223,18;0;0;0
PowLatec;04/07/2021, 6:00:00;0;0;0;0;0;0;0;0;1;1;1;1;0;0;223,18;0;0;0
PowLatec;04/07/2021, 7:00:00;0;0;0;0;0;0;0;0;1;1;1;1;0;0;223,18;0;0;0
PowLatec;04/07/2021, 8:00:00;0;0;0;0;0;0;0;0;1;1;1;1;0;0;223,18;0;0;0
PowLatec;04/07/2021, 9:00:00;0;0;0;0;0;0;0;0;1;1;1;1;0;0;223,18;0;0;0
PowLatec;04/07/2021, 10:00:00;0;0;0;0;0;0;0;0;1;1;1;1;0;0;223,18;0;0;0
PowLatec;04/07/2021, 11:00:00;0;0;0;0;0;0;0;0;1;1;1;1;0;0;223,18;0;0;0
PowLatec;04/07/2021, 12:00:00;0;0;0;0;0;0;0;0;1;1;1;1;0;0;223,18;0;0;0
PowLatec;04/07/2021, 13:00:00;0;0;0;0;0;0;0;0;1;1;1;1;0;0;223,18;0;0;0
PowLatec;04/07/2021, 14:00:00;0;0;0;0;0;0;0;0;1;1;1;1;0;0;223,18;0;0;0
PowLatec;04/07/2021, 15:00:00;0;0;0;0;0;0;0;0;1;1;1;1;0;0;223,18;0;0;0
PowLatec;04/07/2021, 16:00:00;0;0;0;0;0;0;0;0;1;1;1;1;0;0;223,18;0;0;0
PowLatec;04/07/2021, 17:00:00;0;0;0;0;0;0;0;0;1;1;1;1;0;0;223,18;0;0;0
PowLatec;04/07/2021, 18:00:00;0;0;0;0;0;0;0;0;1;1;1;1;0;0;223,18;0;0;0
PowLatec;04/07/2021, 19:00:00;0;0;0;0;0;0;0;0;1;1;1;1;0;0;223,18;0;0;0
PowLatec;04/07/2021, 20:00:00;0;0;0;0;0;0;0;0;1;1;1;1;0;0;223,45085714285713;0;0;0
PowLatec;04/07/2021, 21:00:00;0;0;0;0;0;0;0;0;1;1;1;1;0;0;223,54000000000002;0;0;0
PowLatec;04/07/2021, 22:00:00;0;0;0;0;0;0;0;0;1;1;1;1;0;0;223,54;0;0;0
PowLatec;04/07/2021, 23:00:00;0;0;0;0;0;0;0;0;1;1;1;1;0;0;223,54;0;0;0
PowLatec;05/07/2021, 0:00:00;0;0;0;0;0;0;0;0;1;1;1;1;0;0;223,54000000000002;0;0;0
PowLatec;05/07/2021, 1:00:00;0;0;0;0;0;0;0;0;1;1;1;1;0;0;223,54000000000002;0;0;0
PowLatec;05/07/2021, 2:00:00;0;0;0;0;0;0;0;0;1;1;1;1;0;0;223,54000000000002;0;0;0
PowLatec;05/07/2021, 3:00:00;0;0;0;0;0;0;0;0;1;1;1;1;0;0;223,54000000000002;0;0;0
PowLatec;05/07/2021, 4:00:00;0;0;0;0;0;0;0;0;1;1;1;1;0;0;223,54;0;0;0
PowLatec;05/07/2021, 5:00:00;0;0;0;0;0;0;0;0;1;1;1;1;0;0;223,54;0;0;0
PowLatec;05/07/2021, 6:00:00;0;0;0;0;0;0;0;0;1;1;1;1;0;0;223,54000000000002;0;0;0
PowLatec;05/07/2021, 7:00:00;0,4172815533980582;0;0;0,4172815533980582;0;0;0;0;1;1;1;1;0;0;223,51106796116505;0;0;0,0018446601941747574
PowLatec;05/07/2021, 8:00:00;1133,5332407407407;0;0;1133,5332407407407;0;0;0;0;1;1;1;1;0;0;218,6259259259259;0;0;5,770185185185185
PowLatec;05/07/2021, 9:00:00;1133,56;0;0;1133,56;0;0;0;0;1;1;1;1;0;0;218,57;0;0;5,85
PowLatec;05/07/2021, 11:00:00;1744,667027027027;0;0;1744,667027027027;0;0;0;0;1;1;1;1;0;0;219,1112162162162;0;0;8,39527027027027
PowLatec;05/07/2021, 12:00:00;1798,594355345912;0;0;1798,594355345912;0;0;0;0;1;1;1;1;0;0;218,4976257861635;0;0;8,647248427672956
PowLatec;05/07/2021, 13:00:00;1804,8883731343283;0;0;1804,8883731343283;0;0;0;0;1;1;1;1;0;0;218,58704477611943;0;0;8,704537313432835
PowLatec;05/07/2021, 14:00:00;1846,644;0;0;1846,644;0;0;0;0;1;1;1;1;0;0;218,07707936507936;0;0;8,876269841269842
PowLatec;05/07/2021, 15:00:00;1846,7026051779935;0;0;1846,7026051779935;0;0;0;0;1;1;1;1;0;0;218,86626213592228;0;0;8,811084142394822
PowLatec;05/07/2021, 16:00:00;1790,852243150685;0;0;1790,852243150685;0;0;0;0;1;1;1;1;0;0;220,5577397260274;0;0;8,537876712328767
PowLatec;05/07/2021, 17:00:00;1749,5912225705329;0;0;1749,5912225705329;0;0;0;0;1;1;1;1;0;0;223,50490595611285;0;0;8,40398119122257
PowLatec;05/07/2021, 18:00:00;1691,5413389830508;0;0;1691,5413389830508;0;0;0;0;1;1;1;1;0;0;222,40113559322037;0;0;8,071135593220339
PowLatec;05/07/2021, 19:00:00;1666,132538330494;0;0;1666,132538330494;0;0;0;0;1;1;1;1;0;0;221,10102214650766;0;0;7,969897785349233
PowLatec;05/07/2021, 20:00:00;1625,1445392491466;0;0;1625,1445392491466;0;0;0;0;1;1;1;1;0;0;222,7147781569966;0;0;7,704266211604096
PowLatec;05/07/2021, 21:00:00;1634,018169717138;0;0;1634,018169717138;0;0;0;0;1;1;1;1;0;0;221,86381031613976;0;0;7,7801663893510815
PowLatec;05/07/2021, 22:00:00;1573,9474234234235;0;0;1573,9474234234235;0;0;0;0;1;1;1;1;0;0;222,28493693693693;0;0;7,56772972972973
PowLatec;05/07/2021, 23:00:00;1568,374693140794;0;0;1568,374693140794;0;0;0;0;1;1;1;1;0;0;221,1029963898917;0;0;7,513519855595668
PowLatec;06/07/2021, 0:00:00;1589,1686486486485;0;0;1589,1686486486485;0;0;0;0;1;1;1;1;0;0;219,04805743243244;0;0;7,6167567567567565
PowLatec;06/07/2021, 1:00:00;1514,6640655105973;0;0;1514,6640655105973;0;0;0;0;1;1;1;1;0;0;219,04818882466282;0;0;7,245125240847785
PowLatec;06/07/2021, 2:00:00;1495,4073387096776;0;0;1495,4073387096776;0;0;0;0;1;1;1;1;0;0;219,05256048387096;0;0;7,1126008064516135
PowLatec;06/07/2021, 3:00:00;1490,64044834308;0;0;1490,64044834308;0;0;0;0;1;1;1;1;0;0;218,40783625730995;0;0;7,213196881091617
PowLatec;06/07/2021, 4:00:00;1470,3599579831935;0;0;1470,3599579831935;0;0;0;0;1;1;1;1;0;0;220,22884453781512;0;0;7,094432773109244
PowLatec;06/07/2021, 5:00:00;1455,790580912863;0;0;1455,790580912863;0;0;0;0;1;1;1;1;0;0;220,6198755186722;0;0;6,940435684647303
PowLatec;06/07/2021, 6:00:00;1410,2322838137472;0;0;1410,2322838137472;0;0;0;0;1;1;1;1;0;0;220,08057649667404;0;0;6,77270509977827
PowLatec;06/07/2021, 7:00:00;1502,0910843373495;0;0;1502,0910843373495;0;0;0;0;1;1;1;1;0;0;220,60022088353415;0;0;7,148674698795181
PowLatec;06/07/2021, 8:00:00;1532,9689799999999;0;0;1532,9689799999999;0;0;0;0;1;1;1;1;0;0;220,47194;0;0;7,39358
PowLatec;06/07/2021, 9:00:00;1602,7907732864674;0;0;1602,7907732864674;0;0;0;0;1;1;1;1;0;0;221,48509666080844;0;0;7,573374340949034
PowLatec;06/07/2021, 10:00:00;1645,4863698630138;0;0;1645,4863698630138;0;0;0;0;1;1;1;1;0;0;221,97859589041096;0;0;7,7945890410958905
PowLatec;06/07/2021, 11:00:00;1712,5811145996859;0;0;1712,5811145996859;0;0;0;0;1;1;1;1;0;0;220,44458398744115;0;0;8,116923076923076
PowLatec;06/07/2021, 12:00:00;1769,982147335423;0;0;1769,982147335423;0;0;0;0;1;1;1;1;0;0;220,56901253918494;0;0;8,45255485893417
PowLatec;06/07/2021, 13:00:00;1824,4550302114803;0;0;1824,4550302114803;0;0;0;0;1;1;1;1;0;0;217,91216012084593;0;0;8,719712990936555
PowLatec;06/07/2021, 14:00:00;1900,8327728613572;0;0;1900,8327728613572;0;0;0;0;1;1;1;1;0;0;218,57411504424778;0;0;9,113554572271386
PowLatec;06/07/2021, 15:00:00;1860,909785478548;0;0;1860,909785478548;0;0;0;0;1;1;1;1;0;0;219,71356435643563;0;0;8,871518151815183
PowLatec;06/07/2021, 16:00:00;1836,8993508500776;0;0;1836,8993508500776;0;0;0;0;1;1;1;1;0;0;218,5958423493045;0;0;8,758964451313757
PowLatec;06/07/2021, 17:00:00;1746,8295164075994;0;0;1746,8295164075994;0;0;0;0;1;1;1;1;0;0;221,05999999999997;0;0;8,318186528497408
PowLatec;06/07/2021, 18:00:00;1700,2539504132233;0;0;1700,2539504132233;0;0;0;0;1;1;1;1;0;0;222,19628099173553;0;0;8,084528925619834
PowLatec;06/07/2021, 19:00:00;1666,3576489533014;0;0;1666,3576489533014;0;0;0;0;1;1;1;1;0;0;222,5937037037037;0;0;7,909516908212559
PowLatec;06/07/2021, 20:00:00;1636,5202960526317;0;0;1636,5202960526317;0;0;0;0;1;1;1;1;0;0;221,62386513157895;0;0;7,7729605263157895
PowLatec;06/07/2021, 21:00:00;1582,2968430656936;0;0;1582,2968430656936;0;0;0;0;1;1;1;1;0;0;220,16768248175183;0;0;7,609178832116788
PowLatec;06/07/2021, 22:00:00;1571,7449371633752;0;0;1571,7449371633752;0;0;0;0;1;1;1;1;0;0;219,55581687612207;0;0;7,569299820466787
PowLatec;06/07/2021, 23:00:00;1532,0405263157895;0;0;1532,0405263157895;0;0;0;0;1;1;1;1;0;0;220,2539564428312;0;0;7,35540834845735
PowLatec;07/07/2021, 0:00:00;1525,338336448598;0;0;1525,338336448598;0;0;0;0;1;1;1;1;0;0;218,79057943925235;0;0;7,341887850467289
PowLatec;07/07/2021, 1:00:00;1533,300573012939;0;0;1533,300573012939;0;0;0;0;1;1;1;1;0;0;218,98571164510165;0;0;7,386025878003697
PowLatec;07/07/2021, 2:00:00;1517,924320754717;0;0;1517,924320754717;0;0;0;0;1;1;1;1;0;0;219,47871698113207;0;0;7,336698113207547
PowLatec;07/07/2021, 3:00:00;1487,9543092783504;0;0;1487,9543092783504;0;0;0;0;1;1;1;1;0;0;220,02243298969074;0;0;7,057525773195876
PowLatec;07/07/2021, 4:00:00;1511,2332845188284;0;0;1511,2332845188284;0;0;0;0;1;1;1;1;0;0;219,84426778242678;0;0;7,186715481171548
PowLatec;07/07/2021, 5:00:00;1438,5105531914892;0;0;1438,5105531914892;0;0;0;0;1;1;1;1;0;0;220,24751063829788;0;0;6,960978723404255
PowLatec;07/07/2021, 6:00:00;1488,3255165289256;0;0;1488,3255165289256;0;0;0;0;1;1;1;1;0;0;219,17;0;0;7,101756198347108
PowLatec;07/07/2021, 7:00:00;1515,5827911646586;0;0;1515,5827911646586;0;0;0;0;1;1;1;1;0;0;220,56905622489958;0;0;7,205843373493976
PowLatec;07/07/2021, 8:00:00;1522,3832581967213;0;0;1522,3832581967213;0;0;0;0;1;1;1;1;0;0;220,8475819672131;0;0;7,273647540983607
PowLatec;07/07/2021, 9:00:00;1586,458877952756;0;0;1586,458877952756;0;0;0;0;1;1;1;1;0;0;221,27015748031496;0;0;7,518169291338583
PowLatec;07/07/2021, 10:00:00;1804,2976521739129;0;0;1804,2976521739129;0;0;0;0;1;1;1;1;0;0;220,0977971014493;0;0;8,56976811594203
PowLatec;07/07/2021, 11:00:00;1857,0933915574965;0;0;1857,0933915574965;0;0;0;0;1;1;1;1;0;0;221,15663755458513;0;0;8,883464337700147
PowLatec;07/07/2021, 12:00:00;1753,5807610350078;0;0;1753,5807610350078;0;0;0;0;1;1;1;1;0;0;221,35905631659057;0;0;8,28923896499239
PowLatec;07/07/2021, 13:00:00;1822,9536377245508;0;0;1822,9536377245508;0;0;0;0;1;1;1;1;0;0;220,19380239520956;0;0;8,714880239520959
PowLatec;07/07/2021, 14:00:00;1844,6915458937196;0;0;1844,6915458937196;0;0;0;0;1;1;1;1;0;0;219,92876006441224;0;0;8,7656038647343
PowLatec;07/07/2021, 15:00:00;1870,7692656250001;0;0;1870,7692656250001;0;0;0;0;1;1;1;1;0;0;219,47117187499998;0;0;8,905453125
PowLatec;07/07/2021, 16:00:00;1816,2952380952381;0;0;1816,2952380952381;0;0;0;0;1;1;1;1;0;0;220,67875205254518;0;0;8,642577996715927
PowLatec;07/07/2021, 17:00:00;1774,4016911764704;0;0;1774,4016911764704;0;0;0;0;1;1;1;1;0;0;221,02495588235294;0;0;8,410588235294117
PowLatec;07/07/2021, 18:00:00;1700,2686456692911;0;0;1700,2686456692911;0;0;0;0;1;1;1;1;0;0;220,56864566929133;0;0;8,111464566929133
PowLatec;07/07/2021, 19:00:00;1658,59779771615;0;0;1658,59779771615;0;0;0;0;1;1;1;1;0;0;220,57169657422514;0;0;7,876574225122349
PowLatec;07/07/2021, 20:00:00;1612,128112244898;0;0;1612,128112244898;0;0;0;0;1;1;1;1;0;0;222,2596768707483;0;0;7,74545918367347
PowLatec;07/07/2021, 21:00:00;1552,125761821366;0;0;1552,125761821366;0;0;0;0;1;1;1;1;0;0;221,79793345008756;0;0;7,353870402802101
PowLatec;07/07/2021, 22:00:00;1540,2301243339255;0;0;1540,2301243339255;0;0;0;0;1;1;1;1;0;0;222,04149200710478;0;0;7,374547069271758
PowLatec;07/07/2021, 23:00:00;1518,034765478424;0;0;1518,034765478424;0;0;0;0;1;1;1;1;0;0;222,29482176360224;0;0;7,1950093808630395
PowLatec;08/07/2021, 0:00:00;1484,829534883721;0;0;1484,829534883721;0;0;0;0;1;1;1;1;0;0;219,8609496124031;0;0;7,2292054263565895
PowLatec;08/07/2021, 1:00:00;1448,6489008620688;0;0;1448,6489008620688;0;0;0;0;1;1;1;1;0;0;220,20299568965518;0;0;6,968771551724139
PowLatec;08/07/2021, 2:00:00;1400,577600896861;0;0;1400,577600896861;0;0;0;0;1;1;1;1;0;0;219,8130269058296;0;0;6,7675336322869954
PowLatec;08/07/2021, 3:00:00;1401,1946189376445;0;0;1401,1946189376445;0;0;0;0;1;1;1;1;0;0;220,36009237875288;0;0;6,682494226327944
PowLatec;08/07/2021, 4:00:00;1407,2840046838407;0;0;1407,2840046838407;0;0;0;0;1;1;1;1;0;0;219,90435597189696;0;0;6,742248243559719
PowLatec;08/07/2021, 5:00:00;1406,1023349056604;0;0;1406,1023349056604;0;0;0;0;1;1;1;1;0;0;220,39495283018866;0;0;6,769339622641509
PowLatec;08/07/2021, 6:00:00;1363,4027088607597;0;0;1363,4027088607597;0;0;0;0;1;1;1;1;0;0;218,80531645569621;0;0;6,513949367088608
PowLatec;08/07/2021, 7:00:00;1414,448918918919;0;0;1414,448918918919;0;0;0;0;1;1;1;1;0;0;220,3846928746929;0;0;6,847321867321868
PowLatec;08/07/2021, 8:00:00;1507,5658227848103;0;0;1507,5658227848103;0;0;0;0;1;1;1;1;0;0;222,54508438818564;0;0;7,168101265822784
PowLatec;08/07/2021, 9:00:00;1518,7338043478262;0;0;1518,7338043478262;0;0;0;0;1;1;1;1;0;0;220,7846304347826;0;0;7,228826086956523
PowLatec;08/07/2021, 10:00:00;1603,142988505747;0;0;1603,142988505747;0;0;0;0;1;1;1;1;0;0;219,6220498084291;0;0;7,633314176245211
PowLatec;08/07/2021, 11:00:00;1647,8861732851988;0;0;1647,8861732851988;0;0;0;0;1;1;1;1;0;0;221,6859927797834;0;0;7,883158844765344
PowLatec;08/07/2021, 12:00:00;1719,8687284144426;0;0;1719,8687284144426;0;0;0;0;1;1;1;1;0;0;221,79135007849294;0;0;8,151679748822605
PowLatec;08/07/2021, 13:00:00;1705,5870646766168;0;0;1705,5870646766168;0;0;0;0;1;1;1;1;0;0;220,34389718076284;0;0;8,131459369817579
PowLatec;08/07/2021, 14:00:00;1721,5194462025318;0;0;1721,5194462025318;0;0;0;0;1;1;1;1;0;0;218,47601265822783;0;0;8,284936708860759
PowLatec;08/07/2021, 15:00:00;1755,9372580645163;0;0;1755,9372580645163;0;0;0;0;1;1;1;1;0;0;218,05522580645163;0;0;8,416145161290324
PowLatec;08/07/2021, 16:00:00;1671,1092660550457;0;0;1671,1092660550457;0;0;0;0;1;1;1;1;0;0;218,91351681957187;0;0;7,954021406727829
PowLatec;08/07/2021, 17:00:00;1620,9284237288136;0;0;1620,9284237288136;0;0;0;0;1;1;1;1;0;0;222,01869491525423;0;0;7,65764406779661
PowLatec;08/07/2021, 18:00:00;1621,260801335559;0;0;1621,260801335559;0;0;0;0;1;1;1;1;0;0;221,19318864774624;0;0;7,711636060100166
PowLatec;08/07/2021, 19:00:00;1567,6384144144145;0;0;1567,6384144144145;0;0;0;0;1;1;1;1;0;0;221,30421621621622;0;0;7,505459459459459
PowLatec;08/07/2021, 20:00:00;1544,2275000000002;0;0;1544,2275000000002;0;0;0;0;1;1;1;1;0;0;220,95893700787403;0;0;7,3401968503937
PowLatec;08/07/2021, 21:00:00;1544,6384403669724;0;0;1544,6384403669724;0;0;0;0;1;1;1;1;0;0;220,57849541284403;0;0;7,404073394495413
PowLatec;08/07/2021, 22:00:00;1517,6781368821291;0;0;1517,6781368821291;0;0;0;0;1;1;1;1;0;0;221,64847908745247;0;0;7,262148288973385
PowLatec;08/07/2021, 23:00:00;1497,3112083333333;0;0;1497,3112083333333;0;0;0;0;1;1;1;1;0;0;221,7389375;0;0;7,143583333333334
PowLatec;09/07/2021, 0:00:00;1465,7070588235295;0;0;1465,7070588235295;0;0;0;0;1;1;1;1;0;0;219,43384615384616;0;0;7,082579185520362
PowLatec;09/07/2021, 1:00:00;1467,2208928571429;0;0;1467,2208928571429;0;0;0;0;1;1;1;1;0;0;219,6717857142857;0;0;7,086763392857143
PowLatec;09/07/2021, 2:00:00;1513,6104068522486;0;0;1513,6104068522486;0;0;0;0;1;1;1;1;0;0;219,24421841541752;0;0;7,242805139186296
PowLatec;09/07/2021, 3:00:00;1451,6452008928572;0;0;1451,6452008928572;0;0;0;0;1;1;1;1;0;0;217,1891517857143;0;0;6,9789062500000005
PowLatec;09/07/2021, 4:00:00;1424,803700234192;0;0;1424,803700234192;0;0;0;0;1;1;1;1;0;0;217,2892037470726;0;0;6,806604215456675
PowLatec;09/07/2021, 5:00:00;1446,7944736842107;0;0;1446,7944736842107;0;0;0;0;1;1;1;1;0;0;219,92224880382776;0;0;6,985909090909091
PowLatec;09/07/2021, 6:00:00;1434,8883916083917;0;0;1434,8883916083917;0;0;0;0;1;1;1;1;0;0;220,93801864801867;0;0;6,999463869463869
PowLatec;09/07/2021, 7:00:00;1519,26806185567;0;0;1519,26806185567;0;0;0;0;1;1;1;1;0;0;219,84626804123712;0;0;7,270226804123711
PowLatec;09/07/2021, 8:00:00;1501,2113242009134;0;0;1501,2113242009134;0;0;0;0;1;1;1;1;0;0;219,62988584474886;0;0;7,222831050228311
PowLatec;09/07/2021, 9:00:00;1558,68888;0;0;1558,68888;0;0;0;0;1;1;1;1;0;0;219,8169;0;0;7,43624
PowLatec;09/07/2021, 10:00:00;1628,9980510018215;0;0;1628,9980510018215;0;0;0;0;1;1;1;1;0;0;218,9169034608379;0;0;7,788488160291439
PowLatec;09/07/2021, 11:00:00;1703,994913657771;0;0;1703,994913657771;0;0;0;0;1;1;1;1;0;0;221,75244897959183;0;0;8,116499215070643
PowLatec;09/07/2021, 12:00:00;1758,5424884792626;0;0;1758,5424884792626;0;0;0;0;1;1;1;1;0;0;221,22453149001532;0;0;8,31678955453149
PowLatec;09/07/2021, 13:00:00;1817,6514119359535;0;0;1817,6514119359535;0;0;0;0;1;1;1;1;0;0;219,66081513828237;0;0;8,689170305676855
PowLatec;09/07/2021, 14:00:00;1813,5430427892236;0;0;1813,5430427892236;0;0;0;0;1;1;1;1;0;0;219,30586370839936;0;0;8,654928684627576
PowLatec;09/07/2021, 15:00:00;1839,7606170886074;0;0;1839,7606170886074;0;0;0;0;1;1;1;1;0;0;219,0690981012658;0;0;8,794556962025316
PowLatec;09/07/2021, 16:00:00;1790,585411392405;0;0;1790,585411392405;0;0;0;0;1;1;1;1;0;0;220,9030221518987;0;0;8,551012658227847
PowLatec;09/07/2021, 17:00:00;1745,4017162872153;0;0;1745,4017162872153;0;0;0;0;1;1;1;1;0;0;221,2348336252189;0;0;8,365936952714536
PowLatec;09/07/2021, 18:00:00;1657,5164726631394;0;0;1657,5164726631394;0;0;0;0;1;1;1;1;0;0;221,4252733686067;0;0;7,910917107583773
PowLatec;09/07/2021, 19:00:00;1640,6135973597359;0;0;1640,6135973597359;0;0;0;0;1;1;1;1;0;0;220,9436303630363;0;0;7,796848184818481
PowLatec;09/07/2021, 20:00:00;1602,577218309859;0;0;1602,577218309859;0;0;0;0;1;1;1;1;0;0;221,72718309859152;0;0;7,68906690140845
PowLatec;09/07/2021, 21:00:00;1538,2077558348294;0;0;1538,2077558348294;0;0;0;0;1;1;1;1;0;0;221,20269299820467;0;0;7,310143626570915
PowLatec;09/07/2021, 22:00:00;1543,3453996447602;0;0;1543,3453996447602;0;0;0;0;1;1;1;1;0;0;220,76749555950266;0;0;7,404582593250444
PowLatec;09/07/2021, 23:00:00;1551,4634682080925;0;0;1551,4634682080925;0;0;0;0;1;1;1;1;0;0;220,75730250481695;0;0;7,365414258188824
PowLatec;10/07/2021, 0:00:00;1472,8679002079002;0;0;1472,8679002079002;0;0;0;0;1;1;1;1;0;0;217,54016632016632;0;0;7,217941787941788
PowLatec;10/07/2021, 1:00:00;1513,2059884836854;0;0;1513,2059884836854;0;0;0;0;1;1;1;1;0;0;218,19307101727446;0;0;7,24341650671785
PowLatec;10/07/2021, 2:00:00;1469,4896398305084;0;0;1469,4896398305084;0;0;0;0;1;1;1;1;0;0;219,60521186440678;0;0;7,038326271186441
PowLatec;10/07/2021, 3:00:00;1460,4001720430106;0;0;1460,4001720430106;0;0;0;0;1;1;1;1;0;0;219,79240860215054;0;0;6,94847311827957
PowLatec;10/07/2021, 4:00:00;1451,7748526077096;0;0;1451,7748526077096;0;0;0;0;1;1;1;1;0;0;218,40138321995462;0;0;6,988707482993197
PowLatec;10/07/2021, 5:00:00;1451,720447761194;0;0;1451,720447761194;0;0;0;0;1;1;1;1;0;0;219,08599147121535;0;0;6,973091684434968
PowLatec;10/07/2021, 6:00:00;1448,177293064877;0;0;1448,177293064877;0;0;0;0;1;1;1;1;0;0;220,50552572706934;0;0;6,86324384787472
PowLatec;10/07/2021, 7:00:00;1491,2187612612613;0;0;1491,2187612612613;0;0;0;0;1;1;1;1;0;0;220,01259009009007;0;0;7,161261261261261
PowLatec;10/07/2021, 8:00:00;1514,6163537117905;0;0;1514,6163537117905;0;0;0;0;1;1;1;1;0;0;221,38687772925763;0;0;7,316593886462882
PowLatec;10/07/2021, 9:00:00;1577,8693641618497;0;0;1577,8693641618497;0;0;0;0;1;1;1;1;0;0;221,71215799614643;0;0;7,507418111753371
PowLatec;10/07/2021, 10:00:00;1640,6983038869257;0;0;1640,6983038869257;0;0;0;0;1;1;1;1;0;0;221,2959187279152;0;0;7,833445229681978
PowLatec;10/07/2021, 11:00:00;1666,826802030457;0;0;1666,826802030457;0;0;0;0;1;1;1;1;0;0;221,26737732656514;0;0;7,920812182741116
PowLatec;10/07/2021, 12:00:00;1759,1583183183182;0;0;1759,1583183183182;0;0;0;0;1;1;1;1;0;0;221,7581081081081;0;0;8,335360360360362
PowLatec;10/07/2021, 13:00:00;1814,0367851851854;0;0;1814,0367851851854;0;0;0;0;1;1;1;1;0;0;221,1815259259259;0;0;8,561925925925927
PowLatec;10/07/2021, 14:00:00;1824,1224401197605;0;0;1824,1224401197605;0;0;0;0;1;1;1;1;0;0;220,52428143712575;0;0;8,674910179640719
PowLatec;10/07/2021, 15:00:00;1846,8393659942362;0;0;1846,8393659942362;0;0;0;0;1;1;1;1;0;0;219,47348703170024;0;0;8,787262247838617
PowLatec;10/07/2021, 16:00:00;1796,5140029325514;0;0;1796,5140029325514;0;0;0;0;1;1;1;1;0;0;220,45351906158356;0;0;8,558387096774194
PowLatec;10/07/2021, 17:00:00;1730,5149206349206;0;0;1730,5149206349206;0;0;0;0;1;1;1;1;0;0;220,3648412698413;0;0;8,274126984126983
PowLatec;10/07/2021, 18:00:00;1677,212783018868;0;0;1677,212783018868;0;0;0;0;1;1;1;1;0;0;220,08556603773582;0;0;7,955723270440251
PowLatec;10/07/2021, 19:00:00;1647,3919776714513;0;0;1647,3919776714513;0;0;0;0;1;1;1;1;0;0;221,64803827751197;0;0;7,882759170653907
PowLatec;10/07/2021, 20:00:00;1617,069650793651;0;0;1617,069650793651;0;0;0;0;1;1;1;1;0;0;221,89646031746034;0;0;7,676873015873016
PowLatec;10/07/2021, 21:00:00;1561,2128028933093;0;0;1561,2128028933093;0;0;0;0;1;1;1;1;0;0;221,3401265822785;0;0;7,419240506329114
PowLatec;10/07/2021, 22:00:00;1594,1206108202443;0;0;1594,1206108202443;0;0;0;0;1;1;1;1;0;0;219,96431064572425;0;0;7,717050610820245
PowLatec;10/07/2021, 23:00:00;1542,060917107584;0;0;1542,060917107584;0;0;0;0;1;1;1;1;0;0;219,25158730158728;0;0;7,396102292768959
PowLatec;11/07/2021, 0:00:00;1544,636923076923;0;0;1544,636923076923;0;0;0;0;1;1;1;1;0;0;218,81026833631486;0;0;7,375187835420393
PowLatec;11/07/2021, 1:00:00;1520,2975482625482;0;0;1520,2975482625482;0;0;0;0;1;1;1;1;0;0;218,71003861003862;0;0;7,308590733590734
PowLatec;11/07/2021, 2:00:00;1486,96302832244;0;0;1486,96302832244;0;0;0;0;1;1;1;1;0;0;219,12936819172114;0;0;7,150435729847495
PowLatec;11/07/2021, 3:00:00;1511,2532874015747;0;0;1511,2532874015747;0;0;0;0;1;1;1;1;0;0;218,74696850393698;0;0;7,221889763779527
PowLatec;11/07/2021, 4:00:00;1493,530362903226;0;0;1493,530362903226;0;0;0;0;1;1;1;1;0;0;218,70395161290324;0;0;7,184435483870968
PowLatec;11/07/2021, 5:00:00;1478,3970386266094;0;0;1478,3970386266094;0;0;0;0;1;1;1;1;0;0;219,75075107296138;0;0;7,141523605150214
PowLatec;11/07/2021, 6:00:00;1477,0855991735536;0;0;1477,0855991735536;0;0;0;0;1;1;1;1;0;0;219,78487603305786;0;0;6,998822314049587
PowLatec;11/07/2021, 7:00:00;1499,0808189655172;0;0;1499,0808189655172;0;0;0;0;1;1;1;1;0;0;219,57890086206896;0;0;7,281551724137932
PowLatec;11/07/2021, 8:00:00;1522,3503232323233;0;0;1522,3503232323233;0;0;0;0;1;1;1;1;0;0;221,3649292929293;0;0;7,298424242424242
PowLatec;11/07/2021, 9:00:00;1561,8294959677419;0;0;1561,8294959677419;0;0;0;0;1;1;1;1;0;0;222,56020161290323;0;0;7,44133064516129
PowLatec;11/07/2021, 10:00:00;1637,0485863874344;0;0;1637,0485863874344;0;0;0;0;1;1;1;1;0;0;222,304554973822;0;0;7,79239092495637
PowLatec;11/07/2021, 11:00:00;1599,7697556719024;0;0;1599,7697556719024;0;0;0;0;1;1;1;1;0;0;222,42024432809774;0;0;7,62129144851658
PowLatec;11/07/2021, 12:00:00;1759,9073201692524;0;0;1759,9073201692524;0;0;0;0;1;1;1;1;0;0;221,45889985895624;0;0;8,38774330042313
PowLatec;11/07/2021, 13:00:00;1796,4097852760735;0;0;1796,4097852760735;0;0;0;0;1;1;1;1;0;0;221,56184049079755;0;0;8,486503067484662
PowLatec;11/07/2021, 14:00:00;1733,3501519756837;0;0;1733,3501519756837;0;0;0;0;1;1;1;1;0;0;222,31826747720362;0;0;8,207917933130698
PowLatec;11/07/2021, 15:00:00;1734,5792307692307;0;0;1734,5792307692307;0;0;0;0;1;1;1;1;0;0;221,37791208791205;0;0;8,211020408163266
PowLatec;11/07/2021, 16:00:00;1689,658998330551;0;0;1689,658998330551;0;0;0;0;1;1;1;1;0;0;221,8343238731219;0;0;7,983722871452421
PowLatec;11/07/2021, 17:00:00;1667,3889413680783;0;0;1667,3889413680783;0;0;0;0;1;1;1;1;0;0;221,34954397394137;0;0;7,8916775244299675
PowLatec;11/07/2021, 18:00:00;1602,517039586919;0;0;1602,517039586919;0;0;0;0;1;1;1;1;0;0;221,17301204819276;0;0;7,668037865748709
PowLatec;11/07/2021, 19:00:00;1595,4302487562188;0;0;1595,4302487562188;0;0;0;0;1;1;1;1;0;0;220,82844112769484;0;0;7,637628524046434
PowLatec;11/07/2021, 20:00:00;1571,5385833333332;0;0;1571,5385833333332;0;0;0;0;1;1;1;1;0;0;219,4847;0;0;7,480783333333332
PowLatec;11/07/2021, 21:00:00;1528,1454562383612;0;0;1528,1454562383612;0;0;0;0;1;1;1;1;0;0;219,79290502793296;0;0;7,400949720670391
PowLatec;11/07/2021, 22:00:00;1530,3831712062256;0;0;1530,3831712062256;0;0;0;0;1;1;1;1;0;0;221,0317120622568;0;0;7,352937743190661
PowLatec;11/07/2021, 23:00:00;1514,4453081510935;0;0;1514,4453081510935;0;0;0;0;1;1;1;1;0;0;220,8090059642147;0;0;7,297097415506959
PowLatec;12/07/2021, 0:00:00;1502,701623246493;0;0;1502,701623246493;0;0;0;0;1;1;1;1;0;0;218,08286573146293;0;0;7,1743887775551105
PowLatec;12/07/2021, 1:00:00;1474,8206209850107;0;0;1474,8206209850107;0;0;0;0;1;1;1;1;0;0;217,8312205567452;0;0;7,115845824411135
PowLatec;12/07/2021, 2:00:00;1469,0170478170478;0;0;1469,0170478170478;0;0;0;0;1;1;1;1;0;0;216,94621621621621;0;0;7,118918918918919
PowLatec;12/07/2021, 3:00:00;1453,9837768240343;0;0;1453,9837768240343;0;0;0;0;1;1;1;1;0;0;217,39251072961375;0;0;6,996502145922746
PowLatec;12/07/2021, 4:00:00;1494,2453319502074;0;0;1494,2453319502074;0;0;0;0;1;1;1;1;0;0;218,17632780082988;0;0;7,1760788381742735
PowLatec;12/07/2021, 5:00:00;1468,4164444444446;0;0;1468,4164444444446;0;0;0;0;1;1;1;1;0;0;218,04104444444445;0;0;7,043066666666667
PowLatec;12/07/2021, 6:00:00;1477,516388888889;0;0;1477,516388888889;0;0;0;0;1;1;1;1;0;0;220,13179487179485;0;0;7,043589743589743
PowLatec;12/07/2021, 7:00:00;1455,5947777777778;0;0;1455,5947777777778;0;0;0;0;1;1;1;1;0;0;219,96915555555555;0;0;6,962488888888888
PowLatec;12/07/2021, 8:00:00;1505,4332298136646;0;0;1505,4332298136646;0;0;0;0;1;1;1;1;0;0;219,8788198757764;0;0;7,2567908902691505
PowLatec;12/07/2021, 9:00:00;1518,7948875255622;0;0;1518,7948875255622;0;0;0;0;1;1;1;1;0;0;220,15770961145193;0;0;7,327484662576687
PowLatec;12/07/2021, 10:00:00;1597,648836772983;0;0;1597,648836772983;0;0;0;0;1;1;1;1;0;0;218,69221388367728;0;0;7,709681050656661
PowLatec;12/07/2021, 11:00:00;1660,674533106961;0;0;1660,674533106961;0;0;0;0;1;1;1;1;0;0;220,29118845500847;0;0;7,867470288624787
PowLatec;12/07/2021, 12:00:00;1642,7251414309485;0;0;1642,7251414309485;0;0;0;0;1;1;1;1;0;0;221,15602329450917;0;0;7,8007321131447585
PowLatec;12/07/2021, 13:00:00;1711,1923232323231;0;0;1711,1923232323231;0;0;0;0;1;1;1;1;0;0;220,3922053872054;0;0;8,143148148148148
PowLatec;12/07/2021, 14:00:00;1670,6446481178396;0;0;1670,6446481178396;0;0;0;0;1;1;1;1;0;0;219,2498854337152;0;0;7,922356792144026
PowLatec;12/07/2021, 15:00:00;1742,4589671361502;0;0;1742,4589671361502;0;0;0;0;1;1;1;1;0;0;220,18691705790297;0;0;8,31774647887324
PowLatec;12/07/2021, 16:00:00;1708,4960971786834;0;0;1708,4960971786834;0;0;0;0;1;1;1;1;0;0;220,96526645768026;0;0;8,18242946708464
PowLatec;12/07/2021, 17:00:00;1674,2235209003215;0;0;1674,2235209003215;0;0;0;0;1;1;1;1;0;0;221,77279742765273;0;0;7,999887459807074
PowLatec;12/07/2021, 18:00:00;1576,4650522648083;0;0;1576,4650522648083;0;0;0;0;1;1;1;1;0;0;223,4827700348432;0;0;7,474442508710801
PowLatec;12/07/2021, 19:00:00;1600,7974822695037;0;0;1600,7974822695037;0;0;0;0;1;1;1;1;0;0;223,03909574468085;0;0;7,721170212765957
PowLatec;12/07/2021, 20:00:00;1527,2681365313654;0;0;1527,2681365313654;0;0;0;0;1;1;1;1;0;0;219,54487084870848;0;0;7,344575645756458
PowLatec;12/07/2021, 21:00:00;1542,723264925373;0;0;1542,723264925373;0;0;0;0;1;1;1;1;0;0;219,08462686567165;0;0;7,486156716417911
PowLatec;12/07/2021, 22:00:00;1536,4746460980036;0;0;1536,4746460980036;0;0;0;0;1;1;1;1;0;0;221,53460980036297;0;0;7,368439201451906
PowLatec;12/07/2021, 23:00:00;1517,6017408906882;0;0;1517,6017408906882;0;0;0;0;1;1;1;1;0;0;221,915991902834;0;0;7,273076923076923
PowLatec;13/07/2021, 0:00:00;1493,1547695390782;0;0;1493,1547695390782;0;0;0;0;1;1;1;1;0;0;219,58092184368735;0;0;7,157374749498999
PowLatec;13/07/2021, 1:00:00;1478,905255623722;0;0;1478,905255623722;0;0;0;0;1;1;1;1;0;0;217,06494887525562;0;0;7,123558282208589
PowLatec;13/07/2021, 2:00:00;1420,9963087248323;0;0;1420,9963087248323;0;0;0;0;1;1;1;1;0;0;217,94610738255034;0;0;6,784608501118568
PowLatec;13/07/2021, 3:00:00;1459,1397858672378;0;0;1459,1397858672378;0;0;0;0;1;1;1;1;0;0;218,87798715203425;0;0;6,992462526766595
PowLatec;13/07/2021, 4:00:00;1442,4193777777778;0;0;1442,4193777777778;0;0;0;0;1;1;1;1;0;0;218,6;0;0;7,004777777777778
PowLatec;13/07/2021, 5:00:00;1392,5526932668329;0;0;1392,5526932668329;0;0;0;0;1;1;1;1;0;0;219,64738154613465;0;0;6,7071321695760595
PowLatec;13/07/2021, 6:00:00;1384,187585301837;0;0;1384,187585301837;0;0;0;0;1;1;1;1;0;0;218,72664041994753;0;0;6,647847769028871
PowLatec;13/07/2021, 7:00:00;1423,942517647059;0;0;1423,942517647059;0;0;0;0;1;1;1;1;0;0;219,56571764705882;0;0;6,864070588235294
PowLatec;13/07/2021, 8:00:00;1476,9360229885058;0;0;1476,9360229885058;0;0;0;0;1;1;1;1;0;0;220,0990804597701;0;0;7,079954022988505
PowLatec;13/07/2021, 9:00:00;1528,5227385892115;0;0;1528,5227385892115;0;0;0;0;1;1;1;1;0;0;220,3758091286307;0;0;7,362697095435685
PowLatec;13/07/2021, 10:00:00;1630,6803856041129;0;0;1630,6803856041129;0;0;0;0;1;1;1;1;0;0;219,58015424164523;0;0;7,750128534704371
PowLatec;13/07/2021, 11:00:00;1351,7424043715848;0;0;1351,7424043715848;0;0;0;0;1;1;1;1;0;0;220,99639344262295;0;0;6,4532240437158475
PowLatec;13/07/2021, 12:00:00;1788,341274193548;0;0;1788,341274193548;0;0;0;0;1;1;1;1;0;0;221,0708064516129;0;0;8,567596774193548
PowLatec;13/07/2021, 13:00:00;1820,5009866220737;0;0;1820,5009866220737;0;0;0;0;1;1;1;1;0;0;219,8929264214047;0;0;8,63113712374582
PowLatec;13/07/2021, 14:00:00;1840,4841895261845;0;0;1840,4841895261845;0;0;0;0;1;1;1;1;0;0;220,73099750623442;0;0;8,786857855361596
PowLatec;13/07/2021, 15:00:00;1773,2221874999998;0;0;1773,2221874999998;0;0;0;0;1;1;1;1;0;0;220,93916666666667;0;0;8,401145833333334
PowLatec;13/07/2021, 16:00:00;1697,6416896551725;0;0;1697,6416896551725;0;0;0;0;1;1;1;1;0;0;221,05527586206895;0;0;8,013344827586206
PowLatec;13/07/2021, 17:00:00;1734,3793589743589;0;0;1734,3793589743589;0;0;0;0;1;1;1;1;0;0;220,7075;0;0;8,256266025641025
PowLatec;13/07/2021, 18:00:00;1661,3653301127215;0;0;1661,3653301127215;0;0;0;0;1;1;1;1;0;0;220,432077294686;0;0;7,874090177133654
PowLatec;13/07/2021, 19:00:00;1616,1015050167223;0;0;1616,1015050167223;0;0;0;0;1;1;1;1;0;0;220,70341137123742;0;0;7,727859531772576
PowLatec;13/07/2021, 20:00:00;1566,9609060402684;0;0;1566,9609060402684;0;0;0;0;1;1;1;1;0;0;220,0891946308725;0;0;7,556812080536914
PowLatec;13/07/2021, 21:00:00;1518,689020979021;0;0;1518,689020979021;0;0;0;0;1;1;1;1;0;0;219,66085664335662;0;0;7,365891608391609
PowLatec;13/07/2021, 22:00:00;1502,6685283687943;0;0;1502,6685283687943;0;0;0;0;1;1;1;1;0;0;220,13164893617022;0;0;7,223776595744681
PowLatec;13/07/2021, 23:00:00;1448,1774594594594;0;0;1448,1774594594594;0;0;0;0;1;1;1;1;0;0;220,51850450450448;0;0;6,930864864864865
PowLatec;14/07/2021, 0:00:00;1428,1064693877552;0;0;1428,1064693877552;0;0;0;0;1;1;1;1;0;0;216,9491224489796;0;0;6,917857142857143
PowLatec;14/07/2021, 1:00:00;1412,6234426229507;0;0;1412,6234426229507;0;0;0;0;1;1;1;1;0;0;217,51772540983606;0;0;6,852049180327869
PowLatec;14/07/2021, 2:00:00;1410,0411155378486;0;0;1410,0411155378486;0;0;0;0;1;1;1;1;0;0;218,4259362549801;0;0;6,800876494023904
PowLatec;14/07/2021, 3:00:00;1405,837891440501;0;0;1405,837891440501;0;0;0;0;1;1;1;1;0;0;217,03413361169103;0;0;6,736283924843423
PowLatec;14/07/2021, 4:00:00;1394,9997995545657;0;0;1394,9997995545657;0;0;0;0;1;1;1;1;0;0;216,58714922048998;0;0;6,876792873051226
PowLatec;14/07/2021, 5:00:00;1385,7594372294373;0;0;1385,7594372294373;0;0;0;0;1;1;1;1;0;0;218,2464285714286;0;0;6,6645021645021645
PowLatec;14/07/2021, 6:00:00;1406,9529605263158;0;0;1406,9529605263158;0;0;0;0;1;1;1;1;0;0;218,70888157894737;0;0;6,81936403508772
PowLatec;14/07/2021, 7:00:00;1430,8828384279475;0;0;1430,8828384279475;0;0;0;0;1;1;1;1;0;0;219,62672489082968;0;0;6,822270742358079
PowLatec;14/07/2021, 8:00:00;1482,40624;0;0;1482,40624;0;0;0;0;1;1;1;1;0;0;219,72402000000002;0;0;7,03696
PowLatec;14/07/2021, 9:00:00;1522,5241618497112;0;0;1522,5241618497112;0;0;0;0;1;1;1;1;0;0;219,55443159922928;0;0;7,328265895953757
PowLatec;14/07/2021, 10:00:00;1609,07460456942;0;0;1609,07460456942;0;0;0;0;1;1;1;1;0;0;219,67985940246044;0;0;7,669332161687171
PowLatec;14/07/2021, 11:00:00;1641,5624053030301;0;0;1641,5624053030301;0;0;0;0;1;1;1;1;0;0;221,1020643939394;0;0;7,810530303030303
PowLatec;14/07/2021, 12:00:00;1723,3707078313253;0;0;1723,3707078313253;0;0;0;0;1;1;1;1;0;0;220,74426204819278;0;0;8,27781626506024
PowLatec;14/07/2021, 13:00:00;1812,9525035971224;0;0;1812,9525035971224;0;0;0;0;1;1;1;1;0;0;218,66641726618707;0;0;8,639827338129496
PowLatec;14/07/2021, 14:00:00;1825,9321472392637;0;0;1825,9321472392637;0;0;0;0;1;1;1;1;0;0;218,12127300613497;0;0;8,71372699386503
PowLatec;14/07/2021, 15:00:00;1854,7798366606169;0;0;1854,7798366606169;0;0;0;0;1;1;1;1;0;0;219,90382940108896;0;0;8,79103448275862
PowLatec;14/07/2021, 16:00:00;1931,1057272727273;0;0;1931,1057272727273;0;0;0;0;1;1;1;1;0;0;218,67190909090908;0;0;9,37709090909091
PowLatec;14/07/2021, 17:00:00;1935,21;0;0;1935,21;0;0;0;0;1;1;1;1;0;0;218,98;0;0;9,25
PowLatec;14/07/2021, 18:00:00;1483,945631067961;0;0;1483,945631067961;0;0;0;0;1;1;1;1;0;0;220,64770226537217;0;0;7,115857605177994
PowLatec;14/07/2021, 19:00:00;1556,440636042403;0;0;1556,440636042403;0;0;0;0;1;1;1;1;0;0;221,0262367491166;0;0;7,411643109540636
PowLatec;14/07/2021, 20:00:00;1516,848634868421;0;0;1516,848634868421;0;0;0;0;1;1;1;1;0;0;221,39894736842106;0;0;7,248388157894738
PowLatec;14/07/2021, 21:00:00;1528,42326953748;0;0;1528,42326953748;0;0;0;0;1;1;1;1;0;0;219,43567783094096;0;0;7,292057416267943
PowLatec;14/07/2021, 22:00:00;1484,5826523297492;0;0;1484,5826523297492;0;0;0;0;1;1;1;1;0;0;219,14525089605735;0;0;7,100537634408602
PowLatec;14/07/2021, 23:00:00;1473,6246402877698;0;0;1473,6246402877698;0;0;0;0;1;1;1;1;0;0;219,6848920863309;0;0;7,134586330935251
PowLatec;15/07/2021, 0:00:00;1457,6184485981307;0;0;1457,6184485981307;0;0;0;0;1;1;1;1;0;0;219,04921495327102;0;0;6,986598130841122
PowLatec;15/07/2021, 1:00:00;1457,3408241758243;0;0;1457,3408241758243;0;0;0;0;1;1;1;1;0;0;218,8242857142857;0;0;6,933809523809524
PowLatec;15/07/2021, 2:00:00;1418,8909523809525;0;0;1418,8909523809525;0;0;0;0;1;1;1;1;0;0;218,80698412698413;0;0;6,8441865079365085
PowLatec;15/07/2021, 3:00:00;1416,0741338582677;0;0;1416,0741338582677;0;0;0;0;1;1;1;1;0;0;218,54192913385825;0;0;6,7897440944881895
PowLatec;15/07/2021, 4:00:00;1433,6719082568807;0;0;1433,6719082568807;0;0;0;0;1;1;1;1;0;0;218,63746788990827;0;0;6,902385321100918
PowLatec;15/07/2021, 5:00:00;1419,780618336887;0;0;1419,780618336887;0;0;0;0;1;1;1;1;0;0;219,13733475479745;0;0;6,920213219616205
PowLatec;15/07/2021, 6:00:00;1384,103482688391;0;0;1384,103482688391;0;0;0;0;1;1;1;1;0;0;218,1398778004073;0;0;6,650651731160896
PowLatec;15/07/2021, 7:00:00;1439,9789866156789;0;0;1439,9789866156789;0;0;0;0;1;1;1;1;0;0;220,63535372848946;0;0;6,918260038240918
PowLatec;15/07/2021, 8:00:00;1444,0040525328332;0;0;1444,0040525328332;0;0;0;0;1;1;1;1;0;0;221,69998123827392;0;0;6,847898686679175
PowLatec;15/07/2021, 9:00:00;1500,8413636363637;0;0;1500,8413636363637;0;0;0;0;1;1;1;1;0;0;222,29167832167832;0;0;7,1244405594405595
PowLatec;15/07/2021, 10:00:00;1495,5256713780918;0;0;1495,5256713780918;0;0;0;0;1;1;1;1;0;0;221,8045229681979;0;0;7,09934628975265
PowLatec;15/07/2021, 11:00:00;1584,6364458804524;0;0;1584,6364458804524;0;0;0;0;1;1;1;1;0;0;220,45416801292407;0;0;7,523360258481421
PowLatec;15/07/2021, 12:00:00;1706,1236055469953;0;0;1706,1236055469953;0;0;0;0;1;1;1;1;0;0;221,0586594761171;0;0;8,096656394453005
PowLatec;15/07/2021, 13:00:00;1765,9349072753212;0;0;1765,9349072753212;0;0;0;0;1;1;1;1;0;0;219,58299572039942;0;0;8,45623395149786
PowLatec;15/07/2021, 14:00:00;1781,566043613707;0;0;1781,566043613707;0;0;0;0;1;1;1;1;0;0;219,28842679127723;0;0;8,522928348909657
PowLatec;15/07/2021, 15:00:00;1805,1538839285718;0;0;1805,1538839285718;0;0;0;0;1;1;1;1;0;0;218,80196428571426;0;0;8,652767857142857
PowLatec;15/07/2021, 16:00:00;1798,0238808373592;0;0;1798,0238808373592;0;0;0;0;1;1;1;1;0;0;220,43734299516908;0;0;8,521095008051528
PowLatec;15/07/2021, 17:00:00;1744,124040066778;0;0;1744,124040066778;0;0;0;0;1;1;1;1;0;0;220,44425709515858;0;0;8,339799666110183
PowLatec;15/07/2021, 18:00:00;1654,0590671031096;0;0;1654,0590671031096;0;0;0;0;1;1;1;1;0;0;220,6023076923077;0;0;7,860278232405892
PowLatec;15/07/2021, 19:00:00;1603,855295138889;0;0;1603,855295138889;0;0;0;0;1;1;1;1;0;0;220,56265625;0;0;7,594652777777778
PowLatec;15/07/2021, 20:00:00;1583,900346456693;0;0;1583,900346456693;0;0;0;0;1;1;1;1;0;0;219,74275590551184;0;0;7,555244094488189
PowLatec;15/07/2021, 21:00:00;1537,3238988580752;0;0;1537,3238988580752;0;0;0;0;1;1;1;1;0;0;219,2481239804241;0;0;7,339494290375205
PowLatec;15/07/2021, 22:00:00;1507,2043684210525;0;0;1507,2043684210525;0;0;0;0;1;1;1;1;0;0;220,3149298245614;0;0;7,269
PowLatec;15/07/2021, 23:00:00;1465,5693956043956;0;0;1465,5693956043956;0;0;0;0;1;1;1;1;0;0;220,8920879120879;0;0;7,078388278388278
PowLatec;16/07/2021, 0:00:00;1481,2953079710146;0;0;1481,2953079710146;0;0;0;0;1;1;1;1;0;0;218,888134057971;0;0;7,093369565217391
PowLatec;16/07/2021, 1:00:00;1463,62857400722;0;0;1463,62857400722;0;0;0;0;1;1;1;1;0;0;219,28346570397113;0;0;7,008483754512635
PowLatec;16/07/2021, 2:00:00;1397,6151219512196;0;0;1397,6151219512196;0;0;0;0;1;1;1;1;0;0;220,3714024390244;0;0;6,722540650406503
PowLatec;16/07/2021, 3:00:00;1421,1356321839082;0;0;1421,1356321839082;0;0;0;0;1;1;1;1;0;0;219,69674329501916;0;0;6,768850574712644
PowLatec;16/07/2021, 4:00:00;1390,5511462450593;0;0;1390,5511462450593;0;0;0;0;1;1;1;1;0;0;219,46525691699605;0;0;6,615612648221344
PowLatec;16/07/2021, 5:00:00;1344,8580331262938;0;0;1344,8580331262938;0;0;0;0;1;1;1;1;0;0;220,44855072463767;0;0;6,380165631469979
PowLatec;16/07/2021, 6:00:00;1400,7613926499032;0;0;1400,7613926499032;0;0;0;0;1;1;1;1;0;0;220,16502901353965;0;0;6,715822050290135
PowLatec;16/07/2021, 7:00:00;1405,748654618474;0;0;1405,748654618474;0;0;0;0;1;1;1;1;0;0;219,5885140562249;0;0;6,757008032128515
PowLatec;16/07/2021, 8:00:00;1245,8228606965174;0;0;1245,8228606965174;0;0;0;0;1;1;1;1;0;0;220,37159203980102;0;0;5,9383333333333335
PowLatec;16/07/2021, 9:00:00;569,205799086758;0;0;569,205799086758;0;0;0;0;1;1;1;1;0;0;221,66753424657534;0;0;2,7317351598173514
PowLatec;16/07/2021, 10:00:00;1948,5026898734177;0;0;1948,5026898734177;0;0;0;0;1;1;1;1;0;0;218,68242088607596;0;0;9,31867088607595
PowLatec;16/07/2021, 11:00:00;1791,9291258741257;0;0;1791,9291258741257;0;0;0;0;1;1;1;1;0;0;219,48793706293708;0;0;8,53784965034965
PowLatec;16/07/2021, 12:00:00;1611,5300393700788;0;0;1611,5300393700788;0;0;0;0;1;1;1;1;0;0;220,33070866141733;0;0;7,651259842519686
PowLatec;16/07/2021, 13:00:00;1710,6881320754717;0;0;1710,6881320754717;0;0;0;0;1;1;1;1;0;0;219,0914716981132;0;0;8,187396226415094
PowLatec;16/07/2021, 14:00:00;1745,2654838709677;0;0;1745,2654838709677;0;0;0;0;1;1;1;1;0;0;218,3481182795699;0;0;8,354587813620071
PowLatec;16/07/2021, 15:00:00;1733,430354609929;0;0;1733,430354609929;0;0;0;0;1;1;1;1;0;0;218,46663120567376;0;0;8,324024822695035
PowLatec;16/07/2021, 16:00:00;1738,6981228668942;0;0;1738,6981228668942;0;0;0;0;1;1;1;1;0;0;219,5772013651877;0;0;8,314709897610921
PowLatec;16/07/2021, 17:00:00;1680,1701119402983;0;0;1680,1701119402983;0;0;0;0;1;1;1;1;0;0;220,81375;0;0;8,00705223880597
PowLatec;16/07/2021, 18:00:00;1627,5494150943396;0;0;1627,5494150943396;0;0;0;0;1;1;1;1;0;0;221,3118113207547;0;0;7,779396226415094
PowLatec;16/07/2021, 19:00:00;609,7715699658703;0;0;609,7715699658703;0;0;0;0;1;1;1;1;0;0;136,74996587030716;0;0;3,7425597269624573
PowLatec;16/07/2021, 20:00:00;596,9138596491229;0;0;596,9138596491229;0;0;0;0;1;1;1;1;0;0;110,9590977443609;0;0;6,604335839598998
PowLatec;16/07/2021, 21:00:00;507,7980319148936;0;0;507,7980319148936;0;0;0;0;1;1;1;1;0;0;112,6472340425532;0;0;5,584148936170213
PowLatec;16/07/2021, 22:00:00;238,56190476190477;0;0;238,56190476190477;0;0;0;0;1;1;1;1;0;0;113,06733893557423;0;0;2,464593837535014
PowLatec;16/07/2021, 23:00:00;158,3661487603306;0;0;158,3661487603306;0;0;0;0;1;1;1;1;0;0;105,94477685950413;0;0;1,553305785123967
PowLatec;17/07/2021, 0:00:00;218,51088372093022;0;0;218,51088372093022;0;0;0;0;1;1;1;1;0;0;107,72818604651162;0;0;2,240077519379845
PowLatec;17/07/2021, 1:00:00;246,2385996055227;0;0;246,2385996055227;0;0;0;0;1;1;1;1;0;0;108,8044181459566;0;0;2,7110256410256413
PowLatec;17/07/2021, 2:00:00;181,23656146179403;0;0;181,23656146179403;0;0;0;0;1;1;1;1;0;0;104,06313953488372;0;0;1,9514950166112957
PowLatec;17/07/2021, 3:00:00;392,5220189274448;0;0;392,5220189274448;0;0;0;0;1;1;1;1;0;0;108,83378548895898;0;0;4,397917981072554
PowLatec;17/07/2021, 4:00:00;145,7201090909091;0;0;145,7201090909091;0;0;0;0;1;1;1;1;0;0;112,8758909090909;0;0;1,4973454545454545
PowLatec;17/07/2021, 5:00:00;167,21165945165947;0;0;167,21165945165947;0;0;0;0;1;1;1;1;0;0;105,53773448773448;0;0;1,8903463203463204
PowLatec;17/07/2021, 6:00:00;97,85441624365482;0;0;97,85441624365482;0;0;0;0;1;1;1;1;0;0;105,37328257191201;0;0;0,7263282571912013
PowLatec;17/07/2021, 7:00:00;407,1873789649416;0;0;407,1873789649416;0;0;0;0;1;1;1;1;0;0;108,76739565943238;0;0;4,462320534223706
PowLatec;17/07/2021, 8:00:00;8,45943820224719;0;0;8,45943820224719;0;0;0;0;1;1;1;1;0;0;103,89449438202247;0;0;0,08842696629213483
PowLatec;20/07/2021, 10:00:00;490,6412552301255;0;0;490,6412552301255;0;0;0;0;1;1;1;1;0;0;223,70041841004183;0;0;2,385481171548117
PowLatec;20/07/2021, 11:00:00;6,276089385474861;0;0;6,276089385474861;0;0;0;0;1;1;1;1;0;0;224,09474860335195;0;0;0,02983240223463687
PowLatec;20/07/2021, 12:00:00;0;0;0;0;0;0;0;0;1;1;1;1;0;0;223,81769696969695;0;0;0
PowLatec;20/07/2021, 13:00:00;0;0;0;0;0;0;0;0;1;1;1;1;0;0;222,03380952380954;0;0;0
PowLatec;20/07/2021, 14:00:00;0;0;0;0;0;0;0;0;1;1;1;1;0;0;222,9615060240964;0;0;0
PowLatec;20/07/2021, 15:00:00;0;0;0;0;0;0;0;0;1;1;1;1;0;0;220,64621118012423;0;0;0
PowLatec;20/07/2021, 16:00:00;0;0;0;0;0;0;0;0;1;1;1;1;0;0;220,57775;0;0;0
PowLatec;20/07/2021, 17:00:00;0;0;0;0;0;0;0;0;1;1;1;1;0;0;224,3669090909091;0;0;0
PowLatec;20/07/2021, 18:00:00;0;0;0;0;0;0;0;0;1;1;1;1;0;0;225,1336746987952;0;0;0
PowLatec;20/07/2021, 19:00:00;0;0;0;0;0;0;0;0;1;1;1;1;0;0;225,5035625;0;0;0
PowLatec;20/07/2021, 20:00:00;0;0;0;0;0;0;0;0;1;1;1;1;0;0;224,28723926380368;0;0;0
PowLatec;20/07/2021, 21:00:00;0;0;0;0;0;0;0;0;1;1;1;1;0;0;224,1482389937107;0;0;0
PowLatec;20/07/2021, 22:00:00;0;0;0;0;0;0;0;0;1;1;1;1;0;0;223,95367088607594;0;0;0
PowLatec;20/07/2021, 23:00:00;0;0;0;0;0;0;0;0;1;1;1;1;0;0;223,39623456790125;0;0;0
PowLatec;21/07/2021, 0:00:00;0;0;0;0;0;0;0;0;1;1;1;1;0;0;220,43521739130435;0;0;0
PowLatec;21/07/2021, 1:00:00;0;0;0;0;0;0;0;0;1;1;1;1;0;0;219,77798742138364;0;0;0
PowLatec;21/07/2021, 2:00:00;0;0;0;0;0;0;0;0;1;1;1;1;0;0;220,05713414634144;0;0;0
PowLatec;21/07/2021, 3:00:00;0;0;0;0;0;0;0;0;1;1;1;1;0;0;221,11092592592593;0;0;0
PowLatec;21/07/2021, 4:00:00;0;0;0;0;0;0;0;0;1;1;1;1;0;0;220,57650602409637;0;0;0
PowLatec;21/07/2021, 5:00:00;0,007965116279069769;0;0;0,007965116279069769;0;0;0;0;1;1;1;1;0;0;220,75296511627903;0;0;0,00023255813953488373
PowLatec;21/07/2021, 6:00:00;0;0;0;0;0;0;0;0;1;1;1;1;0;0;222,826449704142;0;0;0
PowLatec;21/07/2021, 7:00:00;0;0;0;0;0;0;0;0;1;1;1;1;0;0;222,12103030303032;0;0;0
PowLatec;21/07/2021, 8:00:00;0;0;0;0;0;0;0;0;1;1;1;1;0;0;222,56011834319526;0;0;0
PowLatec;21/07/2021, 9:00:00;0;0;0;0;0;0;0;0;1;1;1;1;0;0;221,85320987654322;0;0;0
PowLatec;21/07/2021, 10:00:00;0;0;0;0;0;0;0;0;1;1;1;1;0;0;222,00653846153844;0;0;0
PowLatec;21/07/2021, 11:00:00;0;0;0;0;0;0;0;0;1;1;1;1;0;0;222,3852564102564;0;0;0
PowLatec;21/07/2021, 12:00:00;0;0;0;0;0;0;0;0;1;1;1;1;0;0;223,84331288343557;0;0;0
PowLatec;21/07/2021, 13:00:00;977,5412658227849;0;0;977,5412658227849;0;0;0;0;1;1;1;1;0;0;220,2528481012658;0;0;4,733639240506329
PowLatec;21/07/2021, 14:00:00;1860,4438146167558;0;0;1860,4438146167558;0;0;0;0;1;1;1;1;0;0;219,89625668449196;0;0;8,832139037433155
PowLatec;21/07/2021, 15:00:00;1471,406323907455;0;0;1471,406323907455;0;0;0;0;1;1;1;1;0;0;221,37624678663238;0;0;7,015681233933162
PowLatec;21/07/2021, 16:00:00;1900,8603015075378;0;0;1900,8603015075378;0;0;0;0;1;1;1;1;0;0;220,77931323283082;0;0;9,028140703517588
PowLatec;21/07/2021, 17:00:00;1777,755733944954;0;0;1777,755733944954;0;0;0;0;1;1;1;1;0;0;222,6682110091743;0;0;8,390535168195719
PowLatec;21/07/2021, 18:00:00;1639,2842215088283;0;0;1639,2842215088283;0;0;0;0;1;1;1;1;0;0;223,16499197431784;0;0;7,887672552166935
PowLatec;21/07/2021, 19:00:00;1611,6832410423453;0;0;1611,6832410423453;0;0;0;0;1;1;1;1;0;0;223,02021172638436;0;0;7,581107491856677
PowLatec;21/07/2021, 20:00:00;1573,9332899022802;0;0;1573,9332899022802;0;0;0;0;1;1;1;1;0;0;222,9233061889251;0;0;7,526742671009772
PowLatec;21/07/2021, 21:00:00;1534,71184079602;0;0;1534,71184079602;0;0;0;0;1;1;1;1;0;0;222,53268656716418;0;0;7,2636318407960205
PowLatec;21/07/2021, 22:00:00;1483,7045935727788;0;0;1483,7045935727788;0;0;0;0;1;1;1;1;0;0;220,73145557655954;0;0;7,044706994328922
PowLatec;21/07/2021, 23:00:00;1478,4520493358634;0;0;1478,4520493358634;0;0;0;0;1;1;1;1;0;0;219,8477229601518;0;0;7,13685009487666
PowLatec;22/07/2021, 0:00:00;1402,6329076620825;0;0;1402,6329076620825;0;0;0;0;1;1;1;1;0;0;220,4896660117878;0;0;6,647956777996071
PowLatec;22/07/2021, 1:00:00;1422,3154914529914;0;0;1422,3154914529914;0;0;0;0;1;1;1;1;0;0;218,28414529914528;0;0;6,905641025641026
PowLatec;22/07/2021, 2:00:00;1381,4151659751037;0;0;1381,4151659751037;0;0;0;0;1;1;1;1;0;0;219,22778008298758;0;0;6,725954356846473
PowLatec;22/07/2021, 3:00:00;1373,5362795698927;0;0;1373,5362795698927;0;0;0;0;1;1;1;1;0;0;220,74010752688173;0;0;6,477698924731183
PowLatec;22/07/2021, 4:00:00;1367,1157461024497;0;0;1367,1157461024497;0;0;0;0;1;1;1;1;0;0;221,01719376391983;0;0;6,575657015590201
PowLatec;22/07/2021, 5:00:00;1293,783746898263;0;0;1293,783746898263;0;0;0;0;1;1;1;1;0;0;219,88191066997518;0;0;6,189478908188585
PowLatec;22/07/2021, 6:00:00;1297,4389999999999;0;0;1297,4389999999999;0;0;0;0;1;1;1;1;0;0;218,8595;0;0;6,1389
PowLatec;22/07/2021, 7:00:00;1385,0835023041475;0;0;1385,0835023041475;0;0;0;0;1;1;1;1;0;0;219,56905529953917;0;0;6,579861751152073
PowLatec;22/07/2021, 8:00:00;1391,5170361445782;0;0;1391,5170361445782;0;0;0;0;1;1;1;1;0;0;219,76612048192771;0;0;6,613036144578313
PowLatec;22/07/2021, 9:00:00;1412,7366113744079;0;0;1412,7366113744079;0;0;0;0;1;1;1;1;0;0;222,05732227488153;0;0;6,7108293838862565
PowLatec;22/07/2021, 10:00:00;1483,3922371364654;0;0;1483,3922371364654;0;0;0;0;1;1;1;1;0;0;222,75722595078298;0;0;7,128635346756152
PowLatec;22/07/2021, 11:00:00;1598,6705263157894;0;0;1598,6705263157894;0;0;0;0;1;1;1;1;0;0;220,12216374269005;0;0;7,6624366471734895
PowLatec;22/07/2021, 12:00:00;1663,2118234165066;0;0;1663,2118234165066;0;0;0;0;1;1;1;1;0;0;221,50786948176585;0;0;7,929001919385797
PowLatec;22/07/2021, 13:00:00;1775,111742243437;0;0;1775,111742243437;0;0;0;0;1;1;1;1;0;0;220,84921241050122;0;0;8,406276849642003
PowLatec;23/07/2021, 3:00:00;1226,774689119171;0;0;1226,774689119171;0;0;0;0;1;1;1;1;0;0;219,41769430051812;0;0;5,953031088082901
PowLatec;23/07/2021, 4:00:00;1240,4869704433497;0;0;1240,4869704433497;0;0;0;0;1;1;1;1;0;0;219,9604926108374;0;0;5,922487684729063
PowLatec;23/07/2021, 5:00:00;1244,8114854111407;0;0;1244,8114854111407;0;0;0;0;1;1;1;1;0;0;220,3561273209549;0;0;5,948275862068965
PowLatec;23/07/2021, 6:00:00;1231,8643076923076;0;0;1231,8643076923076;0;0;0;0;1;1;1;1;0;0;220,8830769230769;0;0;5,87474358974359
PowLatec;23/07/2021, 7:00:00;1288,5458212560386;0;0;1288,5458212560386;0;0;0;0;1;1;1;1;0;0;220,90698067632852;0;0;6,1524637681159415
PowLatec;23/07/2021, 8:00:00;1137,5937278106508;0;0;1137,5937278106508;0;0;0;0;1;1;1;1;0;0;221,43585798816565;0;0;5,372514792899408
PowLatec;23/07/2021, 9:00:00;1307,295325301205;0;0;1307,295325301205;0;0;0;0;1;1;1;1;0;0;221,45534939759037;0;0;6,3027469879518065
PowLatec;23/07/2021, 10:00:00;1313,1162918660286;0;0;1313,1162918660286;0;0;0;0;1;1;1;1;0;0;220,17313397129186;0;0;6,2926315789473675
PowLatec;23/07/2021, 11:00:00;1388,7776722090262;0;0;1388,7776722090262;0;0;0;0;1;1;1;1;0;0;221,64921615201902;0;0;6,636389548693587
PowLatec;23/07/2021, 12:00:00;1401,7930656934304;0;0;1401,7930656934304;0;0;0;0;1;1;1;1;0;0;222,48279805352797;0;0;6,599610705596107
PowLatec;23/07/2021, 13:00:00;1412,8238834951455;0;0;1412,8238834951455;0;0;0;0;1;1;1;1;0;0;221,7919902912621;0;0;6,701189320388349
PowLatec;23/07/2021, 14:00:00;1429,3789016018306;0;0;1429,3789016018306;0;0;0;0;1;1;1;1;0;0;219,73583524027458;0;0;6,776521739130435
PowLatec;23/07/2021, 15:00:00;1402,1227294117646;0;0;1402,1227294117646;0;0;0;0;1;1;1;1;0;0;220,6937882352941;0;0;6,696235294117646
PowLatec;23/07/2021, 16:00:00;1483,8070347648263;0;0;1483,8070347648263;0;0;0;0;1;1;1;1;0;0;221,00523517382413;0;0;7,009775051124744
PowLatec;23/07/2021, 17:00:00;1446,0159555555556;0;0;1446,0159555555556;0;0;0;0;1;1;1;1;0;0;221,81928888888888;0;0;6,829355555555556
PowLatec;23/07/2021, 18:00:00;1367,568207070707;0;0;1367,568207070707;0;0;0;0;1;1;1;1;0;0;221,3893686868687;0;0;6,470858585858586
PowLatec;23/07/2021, 19:00:00;1299,2804081632653;0;0;1299,2804081632653;0;0;0;0;1;1;1;1;0;0;222,18719387755104;0;0;6,127780612244898
PowLatec;23/07/2021, 20:00:00;1295,1746075949366;0;0;1295,1746075949366;0;0;0;0;1;1;1;1;0;0;222,65303797468354;0;0;6,115620253164557
PowLatec;23/07/2021, 21:00:00;1345,8457281553399;0;0;1345,8457281553399;0;0;0;0;1;1;1;1;0;0;221,35026699029126;0;0;6,446893203883495
PowLatec;23/07/2021, 22:00:00;1164,7139275766017;0;0;1164,7139275766017;0;0;0;0;1;1;1;1;0;0;219,91885793871865;0;0;5,590612813370473
PowLatec;23/07/2021, 23:00:00;1291,6066666666666;0;0;1291,6066666666666;0;0;0;0;1;1;1;1;0;0;219,83556390977444;0;0;6,173734335839598
PowLatec;24/07/2021, 0:00:00;1110,73329512894;0;0;1110,73329512894;0;0;0;0;1;1;1;1;0;0;219,3939828080229;0;0;5,31297994269341
PowLatec;24/07/2021, 1:00:00;1184,9281267217632;0;0;1184,9281267217632;0;0;0;0;1;1;1;1;0;0;218,92225895316804;0;0;5,723801652892561
PowLatec;24/07/2021, 2:00:00;1167,342967032967;0;0;1167,342967032967;0;0;0;0;1;1;1;1;0;0;220,8301098901099;0;0;5,541071428571428
PowLatec;24/07/2021, 3:00:00;1092,0961676646707;0;0;1092,0961676646707;0;0;0;0;1;1;1;1;0;0;220,23694610778443;0;0;5,254790419161677
PowLatec;24/07/2021, 4:00:00;1079,9993732193734;0;0;1079,9993732193734;0;0;0;0;1;1;1;1;0;0;219,57945868945868;0;0;5,173760683760684
PowLatec;24/07/2021, 5:00:00;1050,8513988095237;0;0;1050,8513988095237;0;0;0;0;1;1;1;1;0;0;220,59982142857146;0;0;4,989255952380952
PowLatec;24/07/2021, 6:00:00;1154,556061452514;0;0;1154,556061452514;0;0;0;0;1;1;1;1;0;0;220,97600558659218;0;0;5,549525139664804
PowLatec;24/07/2021, 7:00:00;1244,8089709762532;0;0;1244,8089709762532;0;0;0;0;1;1;1;1;0;0;219,804327176781;0;0;5,957862796833773
PowLatec;24/07/2021, 8:00:00;1136,838189910979;0;0;1136,838189910979;0;0;0;0;1;1;1;1;0;0;223,24237388724035;0;0;5,602818991097923
PowLatec;24/07/2021, 9:00:00;1165,886990881459;0;0;1165,886990881459;0;0;0;0;1;1;1;1;0;0;223,97565349544075;0;0;5,518571428571429
PowLatec;24/07/2021, 10:00:00;1401,659081885856;0;0;1401,659081885856;0;0;0;0;1;1;1;1;0;0;223,07945409429283;0;0;6,631215880893301
PowLatec;24/07/2021, 11:00:00;1412,661192214112;0;0;1412,661192214112;0;0;0;0;1;1;1;1;0;0;222,30038929440389;0;0;6,729537712895377
PowLatec;24/07/2021, 12:00:00;1468,333877068558;0;0;1468,333877068558;0;0;0;0;1;1;1;1;0;0;223,35659574468085;0;0;6,906052009456265
PowLatec;24/07/2021, 13:00:00;1604,3754505494508;0;0;1604,3754505494508;0;0;0;0;1;1;1;1;0;0;222,73795604395605;0;0;7,675692307692308
PowLatec;24/07/2021, 14:00:00;1738,396;0;0;1738,396;0;0;0;0;1;1;1;1;0;0;222,05160396039602;0;0;8,21079207920792
PowLatec;24/07/2021, 15:00:00;1714,9316796875;0;0;1714,9316796875;0;0;0;0;1;1;1;1;0;0;221,327265625;0;0;8,085664062500001
PowLatec;24/07/2021, 16:00:00;1745,7813321799308;0;0;1745,7813321799308;0;0;0;0;1;1;1;1;0;0;221,1138581314879;0;0;8,267716262975778
PowLatec;24/07/2021, 17:00:00;1680,831077738516;0;0;1680,831077738516;0;0;0;0;1;1;1;1;0;0;222,03000000000003;0;0;8,001872791519434
PowLatec;24/07/2021, 18:00:00;1542,9992971887548;0;0;1542,9992971887548;0;0;0;0;1;1;1;1;0;0;222,57763052208836;0;0;7,288915662650602
PowLatec;24/07/2021, 19:00:00;1507,765577342048;0;0;1507,765577342048;0;0;0;0;1;1;1;1;0;0;222,76522875816994;0;0;7,208169934640523
PowLatec;24/07/2021, 20:00:00;1463,0224891774892;0;0;1463,0224891774892;0;0;0;0;1;1;1;1;0;0;222,72084415584416;0;0;6,981017316017315
PowLatec;24/07/2021, 21:00:00;1387,8427314814817;0;0;1387,8427314814817;0;0;0;0;1;1;1;1;0;0;222,11467592592592;0;0;6,5969444444444445
PowLatec;24/07/2021, 22:00:00;1283,9556862745098;0;0;1283,9556862745098;0;0;0;0;1;1;1;1;0;0;221,5983088235294;0;0;6,159705882352941
PowLatec;24/07/2021, 23:00:00;1359,2907925407926;0;0;1359,2907925407926;0;0;0;0;1;1;1;1;0;0;221,42967365967365;0;0;6,438041958041958
PowLatec;25/07/2021, 0:00:00;1198,8674164133738;0;0;1198,8674164133738;0;0;0;0;1;1;1;1;0;0;219,392462006079;0;0;5,7175987841945295
PowLatec;25/07/2021, 1:00:00;1270,0212532637076;0;0;1270,0212532637076;0;0;0;0;1;1;1;1;0;0;218,56859007832895;0;0;6,167206266318538
PowLatec;25/07/2021, 2:00:00;1249,4171649484535;0;0;1249,4171649484535;0;0;0;0;1;1;1;1;0;0;220,259793814433;0;0;5,964149484536083
PowLatec;25/07/2021, 3:00:00;1265,542706185567;0;0;1265,542706185567;0;0;0;0;1;1;1;1;0;0;219,66569587628865;0;0;6,027654639175258
PowLatec;25/07/2021, 4:00:00;1179,5733827893175;0;0;1179,5733827893175;0;0;0;0;1;1;1;1;0;0;220,7746587537092;0;0;5,642077151335311
PowLatec;25/07/2021, 5:00:00;1259,1983418367347;0;0;1259,1983418367347;0;0;0;0;1;1;1;1;0;0;220,03265306122447;0;0;6,021556122448979
PowLatec;25/07/2021, 6:00:00;1183,9543529411765;0;0;1183,9543529411765;0;0;0;0;1;1;1;1;0;0;220,16285294117645;0;0;5,71514705882353
PowLatec;25/07/2021, 7:00:00;1159,8127405247815;0;0;1159,8127405247815;0;0;0;0;1;1;1;1;0;0;221,04145772594754;0;0;5,495918367346938
PowLatec;25/07/2021, 8:00:00;1315,0468686868687;0;0;1315,0468686868687;0;0;0;0;1;1;1;1;0;0;222,45911616161615;0;0;6,211489898989899
PowLatec;25/07/2021, 9:00:00;1260,9771270718231;0;0;1260,9771270718231;0;0;0;0;1;1;1;1;0;0;221,40635359116018;0;0;6,0833977900552485
PowLatec;25/07/2021, 10:00:00;1276,729090909091;0;0;1276,729090909091;0;0;0;0;1;1;1;1;0;0;220,9717595307918;0;0;6,03516129032258
PowLatec;25/07/2021, 11:00:00;1495,9201576576577;0;0;1495,9201576576577;0;0;0;0;1;1;1;1;0;0;221,6261036036036;0;0;7,2243468468468475
PowLatec;25/07/2021, 12:00:00;1529,6771328671327;0;0;1529,6771328671327;0;0;0;0;1;1;1;1;0;0;222,4234731934732;0;0;7,208811188811189
PowLatec;25/07/2021, 13:00:00;1592,6591592920354;0;0;1592,6591592920354;0;0;0;0;1;1;1;1;0;0;222,6899557522124;0;0;7,545176991150442
PowLatec;25/07/2021, 14:00:00;1598,2704719101123;0;0;1598,2704719101123;0;0;0;0;1;1;1;1;0;0;221,21303370786518;0;0;7,545325842696629
PowLatec;25/07/2021, 15:00:00;1748,4622519083969;0;0;1748,4622519083969;0;0;0;0;1;1;1;1;0;0;220,48250000000002;0;0;8,23601145038168
PowLatec;25/07/2021, 16:00:00;1677,822774566474;0;0;1677,822774566474;0;0;0;0;1;1;1;1;0;0;220,6738150289017;0;0;7,959903660886319
PowLatec;25/07/2021, 17:00:00;1676,8567857142857;0;0;1676,8567857142857;0;0;0;0;1;1;1;1;0;0;223,7638909774436;0;0;7,95672932330827
PowLatec;25/07/2021, 18:00:00;1556,8315306122447;0;0;1556,8315306122447;0;0;0;0;1;1;1;1;0;0;224,15297959183673;0;0;7,38261224489796
PowLatec;25/07/2021, 19:00:00;1425,6509029345373;0;0;1425,6509029345373;0;0;0;0;1;1;1;1;0;0;223,4528216704289;0;0;6,69920993227991
PowLatec;25/07/2021, 20:00:00;1381,5257411764705;0;0;1381,5257411764705;0;0;0;0;1;1;1;1;0;0;221,8235529411765;0;0;6,618729411764706
PowLatec;25/07/2021, 21:00:00;1320,8476127320955;0;0;1320,8476127320955;0;0;0;0;1;1;1;1;0;0;221,7694694960212;0;0;6,272599469496021
PowLatec;25/07/2021, 22:00:00;1327,917268041237;0;0;1327,917268041237;0;0;0;0;1;1;1;1;0;0;221,82409793814432;0;0;6,325670103092784
PowLatec;25/07/2021, 23:00:00;1308,402109375;0;0;1308,402109375;0;0;0;0;1;1;1;1;0;0;222,1911458333333;0;0;6,332083333333333
PowLatec;26/07/2021, 0:00:00;1237,5970893371757;0;0;1237,5970893371757;0;0;0;0;1;1;1;1;0;0;218,60198847262248;0;0;5,920201729106628
PowLatec;26/07/2021, 1:00:00;1309,455;0;0;1309,455;0;0;0;0;1;1;1;1;0;0;217,56650259067357;0;0;6,249067357512953
PowLatec;26/07/2021, 2:00:00;1277,649973262032;0;0;1277,649973262032;0;0;0;0;1;1;1;1;0;0;217,2977807486631;0;0;6,106390374331551
PowLatec;26/07/2021, 3:00:00;1138,9226791277258;0;0;1138,9226791277258;0;0;0;0;1;1;1;1;0;0;218,53246105919;0;0;5,4341433021806855
PowLatec;26/07/2021, 4:00:00;1235,8136187845305;0;0;1235,8136187845305;0;0;0;0;1;1;1;1;0;0;217,80801104972375;0;0;6,078839779005524
PowLatec;26/07/2021, 5:00:00;1060,7352666666668;0;0;1060,7352666666668;0;0;0;0;1;1;1;1;0;0;220,3965;0;0;5,0465
PowLatec;26/07/2021, 6:00:00;1228,329095890411;0;0;1228,329095890411;0;0;0;0;1;1;1;1;0;0;220,61619178082194;0;0;5,852767123287672
PowLatec;26/07/2021, 7:00:00;1133,3865109034268;0;0;1133,3865109034268;0;0;0;0;1;1;1;1;0;0;221,20554517133954;0;0;5,41785046728972
PowLatec;26/07/2021, 8:00:00;1120,0848742138364;0;0;1120,0848742138364;0;0;0;0;1;1;1;1;0;0;221,62305031446542;0;0;5,320283018867924
PowLatec;26/07/2021, 9:00:00;1292,213369272237;0;0;1292,213369272237;0;0;0;0;1;1;1;1;0;0;222,3042318059299;0;0;6,089568733153639
PowLatec;26/07/2021, 10:00:00;1109,0512037037035;0;0;1109,0512037037035;0;0;0;0;1;1;1;1;0;0;222,94148148148147;0;0;5,206944444444444
PowLatec;26/07/2021, 11:00:00;1461,7379812206573;0;0;1461,7379812206573;0;0;0;0;1;1;1;1;0;0;222,0737323943662;0;0;6,9370657276995304
PowLatec;26/07/2021, 12:00:00;1412,6572773536893;0;0;1412,6572773536893;0;0;0;0;1;1;1;1;0;0;220,97669211195927;0;0;6,673918575063613
PowLatec;26/07/2021, 13:00:00;1432,6457071960297;0;0;1432,6457071960297;0;0;0;0;1;1;1;1;0;0;219,7010918114144;0;0;6,848461538461539
PowLatec;26/07/2021, 14:00:00;1528,3712276785716;0;0;1528,3712276785716;0;0;0;0;1;1;1;1;0;0;221,57654017857143;0;0;7,250870535714285
PowLatec;26/07/2021, 15:00:00;1497,9004888888887;0;0;1497,9004888888887;0;0;0;0;1;1;1;1;0;0;221,52068888888888;0;0;7,076133333333334
PowLatec;26/07/2021, 16:00:00;1529,4689013452914;0;0;1529,4689013452914;0;0;0;0;1;1;1;1;0;0;221,31887892376682;0;0;7,271591928251121
PowLatec;26/07/2021, 17:00:00;1502,592243186583;0;0;1502,592243186583;0;0;0;0;1;1;1;1;0;0;222,81182389937106;0;0;7,1342976939203355
PowLatec;26/07/2021, 18:00:00;1401,0224647887326;0;0;1401,0224647887326;0;0;0;0;1;1;1;1;0;0;223,58295774647885;0;0;6,728122065727699
PowLatec;26/07/2021, 19:00:00;1393,623808411215;0;0;1393,623808411215;0;0;0;0;1;1;1;1;0;0;222,81782710280373;0;0;6,65927570093458
PowLatec;26/07/2021, 20:00:00;1275,2991898734176;0;0;1275,2991898734176;0;0;0;0;1;1;1;1;0;0;222,2441012658228;0;0;6,092075949367088
PowLatec;26/07/2021, 21:00:00;1232,2220580474934;0;0;1232,2220580474934;0;0;0;0;1;1;1;1;0;0;220,4188654353562;0;0;5,898284960422163
PowLatec;26/07/2021, 22:00:00;1262,207686567164;0;0;1262,207686567164;0;0;0;0;1;1;1;1;0;0;222,9578606965174;0;0;5,959154228855721
PowLatec;26/07/2021, 23:00:00;1231,3125870646768;0;0;1231,3125870646768;0;0;0;0;1;1;1;1;0;0;223,61671641791045;0;0;5,902238805970149
PowLatec;27/07/2021, 0:00:00;1139,5199140401146;0;0;1139,5199140401146;0;0;0;0;1;1;1;1;0;0;220,59885386819485;0;0;5,490401146131806
PowLatec;27/07/2021, 1:00:00;1282,50043902439;0;0;1282,50043902439;0;0;0;0;1;1;1;1;0;0;219,87134146341464;0;0;6,120585365853659
PowLatec;27/07/2021, 2:00:00;1065,0303021148036;0;0;1065,0303021148036;0;0;0;0;1;1;1;1;0;0;220,7671601208459;0;0;5,062658610271903
PowLatec;27/07/2021, 3:00:00;1235,77280839895;0;0;1235,77280839895;0;0;0;0;1;1;1;1;0;0;218,84131233595804;0;0;5,860892388451443
PowLatec;27/07/2021, 4:00:00;1153,0012394366197;0;0;1153,0012394366197;0;0;0;0;1;1;1;1;0;0;218,4038309859155;0;0;5,454450704225352
PowLatec;27/07/2021, 5:00:00;1099,8113864306786;0;0;1099,8113864306786;0;0;0;0;1;1;1;1;0;0;219,5866076696165;0;0;5,211887905604719
PowLatec;27/07/2021, 6:00:00;1130,3993452380953;0;0;1130,3993452380953;0;0;0;0;1;1;1;1;0;0;221,3652380952381;0;0;5,380773809523809
PowLatec;27/07/2021, 7:00:00;1261,5090547263683;0;0;1261,5090547263683;0;0;0;0;1;1;1;1;0;0;219,82950248756217;0;0;6,03410447761194
PowLatec;27/07/2021, 8:00:00;1181,8231232091691;0;0;1181,8231232091691;0;0;0;0;1;1;1;1;0;0;219,08865329512895;0;0;5,661461318051575
PowLatec;27/07/2021, 9:00:00;1320,4312137203167;0;0;1320,4312137203167;0;0;0;0;1;1;1;1;0;0;220,27071240105542;0;0;6,227678100263852
PowLatec;27/07/2021, 10:00:00;1385,3908737864078;0;0;1385,3908737864078;0;0;0;0;1;1;1;1;0;0;222,18980582524276;0;0;6,620461165048544
PowLatec;27/07/2021, 11:00:00;1474,4105868544602;0;0;1474,4105868544602;0;0;0;0;1;1;1;1;0;0;221,5255399061033;0;0;6,977582159624412
PowLatec;27/07/2021, 12:00:00;1635,02097107438;0;0;1635,02097107438;0;0;0;0;1;1;1;1;0;0;220,90223140495866;0;0;7,824669421487604
PowLatec;27/07/2021, 13:00:00;1725,4155105973025;0;0;1725,4155105973025;0;0;0;0;1;1;1;1;0;0;218,05236994219652;0;0;8,244181117533717
PowLatec;27/07/2021, 14:00:00;1774,3587695312501;0;0;1774,3587695312501;0;0;0;0;1;1;1;1;0;0;218,32822265624998;0;0;8,47689453125
PowLatec;27/07/2021, 15:00:00;1815,9803839441536;0;0;1815,9803839441536;0;0;0;0;1;1;1;1;0;0;220,66198952879583;0;0;8,610401396160558
PowLatec;27/07/2021, 16:00:00;1772,1738054607508;0;0;1772,1738054607508;0;0;0;0;1;1;1;1;0;0;222,09581911262796;0;0;8,3830204778157
PowLatec;27/07/2021, 17:00:00;1742,2996631205674;0;0;1742,2996631205674;0;0;0;0;1;1;1;1;0;0;221,9259574468085;0;0;8,268315602836878
PowLatec;27/07/2021, 18:00:00;1599,2401679104478;0;0;1599,2401679104478;0;0;0;0;1;1;1;1;0;0;223,11766791044778;0;0;7,598022388059701
PowLatec;27/07/2021, 19:00:00;1575,8232514177694;0;0;1575,8232514177694;0;0;0;0;1;1;1;1;0;0;223,26884688090738;0;0;7,500718336483932
PowLatec;27/07/2021, 20:00:00;1534,0725697211153;0;0;1534,0725697211153;0;0;0;0;1;1;1;1;0;0;223,14573705179285;0;0;7,2829083665338645
PowLatec;27/07/2021, 21:00:00;1398,5494748858446;0;0;1398,5494748858446;0;0;0;0;1;1;1;1;0;0;222,76867579908674;0;0;6,6157077625570775
PowLatec;27/07/2021, 22:00:00;1417,0821875000001;0;0;1417,0821875000001;0;0;0;0;1;1;1;1;0;0;222,8566517857143;0;0;6,660982142857143
PowLatec;27/07/2021, 23:00:00;1353,3516350710902;0;0;1353,3516350710902;0;0;0;0;1;1;1;1;0;0;222,6339336492891;0;0;6,409691943127962
PowLatec;28/07/2021, 0:00:00;1353,256690140845;0;0;1353,256690140845;0;0;0;0;1;1;1;1;0;0;219,42537558685444;0;0;6,429882629107982
PowLatec;28/07/2021, 1:00:00;1291,8657936507936;0;0;1291,8657936507936;0;0;0;0;1;1;1;1;0;0;219,68420634920636;0;0;6,199656084656086
PowLatec;28/07/2021, 2:00:00;1361,1348635235731;0;0;1361,1348635235731;0;0;0;0;1;1;1;1;0;0;219,00734491315134;0;0;6,456004962779156
PowLatec;28/07/2021, 3:00:00;1170,703620689655;0;0;1170,703620689655;0;0;0;0;1;1;1;1;0;0;219,63488505747128;0;0;5,523419540229885
PowLatec;28/07/2021, 4:00:00;1281,7370744680852;0;0;1281,7370744680852;0;0;0;0;1;1;1;1;0;0;219,11702127659575;0;0;6,1400797872340425
PowLatec;28/07/2021, 5:00:00;1277,752987341772;0;0;1277,752987341772;0;0;0;0;1;1;1;1;0;0;219,57969620253166;0;0;6,156075949367088
PowLatec;28/07/2021, 6:00:00;1281,1603;0;0;1281,1603;0;0;0;0;1;1;1;1;0;0;220,49415000000002;0;0;6,102799999999999
PowLatec;28/07/2021, 7:00:00;1246,851911357341;0;0;1246,851911357341;0;0;0;0;1;1;1;1;0;0;220,07252077562325;0;0;5,928337950138505
PowLatec;28/07/2021, 8:00:00;1301,6667924528301;0;0;1301,6667924528301;0;0;0;0;1;1;1;1;0;0;220,2543396226415;0;0;6,177708894878705
PowLatec;28/07/2021, 9:00:00;1417,2827338129498;0;0;1417,2827338129498;0;0;0;0;1;1;1;1;0;0;221,45616306954437;0;0;6,825011990407674
PowLatec;28/07/2021, 10:00:00;1383,4934760705291;0;0;1383,4934760705291;0;0;0;0;1;1;1;1;0;0;221,93272040302264;0;0;6,636498740554156
PowLatec;28/07/2021, 11:00:00;1591,4827104722792;0;0;1591,4827104722792;0;0;0;0;1;1;1;1;0;0;220,59232032854212;0;0;7,569055441478439
PowLatec;28/07/2021, 12:00:00;1704,5353571428573;0;0;1704,5353571428573;0;0;0;0;1;1;1;1;0;0;221,37813492063492;0;0;8,015734126984128
PowLatec;28/07/2021, 13:00:00;1801,996788321168;0;0;1801,996788321168;0;0;0;0;1;1;1;1;0;0;218,29414233576642;0;0;8,563941605839416
PowLatec;28/07/2021, 14:00:00;1804,2820788530466;0;0;1804,2820788530466;0;0;0;0;1;1;1;1;0;0;217,0921505376344;0;0;8,645358422939067
PowLatec;28/07/2021, 15:00:00;1874,3146890756302;0;0;1874,3146890756302;0;0;0;0;1;1;1;1;0;0;217,0073781512605;0;0;8,984588235294117
PowLatec;28/07/2021, 16:00:00;1868,4622402597402;0;0;1868,4622402597402;0;0;0;0;1;1;1;1;0;0;217,88288961038958;0;0;8,994253246753248
PowLatec;28/07/2021, 17:00:00;1743,5074581939798;0;0;1743,5074581939798;0;0;0;0;1;1;1;1;0;0;221,59857859531775;0;0;8,254966555183945
PowLatec;28/07/2021, 18:00:00;1658,4098722627737;0;0;1658,4098722627737;0;0;0;0;1;1;1;1;0;0;222,72481751824816;0;0;7,869324817518248
PowLatec;28/07/2021, 19:00:00;1647,5402491103202;0;0;1647,5402491103202;0;0;0;0;1;1;1;1;0;0;223,2038256227758;0;0;7,789323843416371
PowLatec;28/07/2021, 20:00:00;1526,5621304347826;0;0;1526,5621304347826;0;0;0;0;1;1;1;1;0;0;223,4151304347826;0;0;7,238130434782609
PowLatec;28/07/2021, 21:00:00;1507,21786163522;0;0;1507,21786163522;0;0;0;0;1;1;1;1;0;0;223,1888679245283;0;0;7,15685534591195
PowLatec;28/07/2021, 22:00:00;1421,332444933921;0;0;1421,332444933921;0;0;0;0;1;1;1;1;0;0;222,725704845815;0;0;6,843370044052863
PowLatec;28/07/2021, 23:00:00;1447,0412195121953;0;0;1447,0412195121953;0;0;0;0;1;1;1;1;0;0;223,02982261640798;0;0;6,805631929046563
PowLatec;29/07/2021, 0:00:00;1395,4866893424037;0;0;1395,4866893424037;0;0;0;0;1;1;1;1;0;0;220,7486394557823;0;0;6,761655328798185
PowLatec;29/07/2021, 1:00:00;1375,5820722891567;0;0;1375,5820722891567;0;0;0;0;1;1;1;1;0;0;220,14884337349397;0;0;6,6095421686746985
PowLatec;29/07/2021, 2:00:00;1267,9204736842105;0;0;1267,9204736842105;0;0;0;0;1;1;1;1;0;0;219,6752105263158;0;0;6,071578947368421
PowLatec;29/07/2021, 3:00:00;1334,5819759036144;0;0;1334,5819759036144;0;0;0;0;1;1;1;1;0;0;219,85643373493974;0;0;6,383638554216867
PowLatec;29/07/2021, 4:00:00;1243,1003703703705;0;0;1243,1003703703705;0;0;0;0;1;1;1;1;0;0;220,3867724867725;0;0;6,0219047619047625
PowLatec;29/07/2021, 5:00:00;1244,1664010282775;0;0;1244,1664010282775;0;0;0;0;1;1;1;1;0;0;219,70966580976864;0;0;5,925244215938304
PowLatec;29/07/2021, 6:00:00;1232,5380501392758;0;0;1232,5380501392758;0;0;0;0;1;1;1;1;0;0;218,86961002785515;0;0;5,876518105849582
PowLatec;29/07/2021, 7:00:00;1293,2031282051282;0;0;1293,2031282051282;0;0;0;0;1;1;1;1;0;0;221,45569230769232;0;0;6,101538461538461
PowLatec;29/07/2021, 8:00:00;1297,799727520436;0;0;1297,799727520436;0;0;0;0;1;1;1;1;0;0;220,73588555858308;0;0;6,188964577656676
PowLatec;29/07/2021, 9:00:00;1474,7692584269664;0;0;1474,7692584269664;0;0;0;0;1;1;1;1;0;0;220,1748764044944;0;0;7,002921348314607
PowLatec;29/07/2021, 10:00:00;1529,370733944954;0;0;1529,370733944954;0;0;0;0;1;1;1;1;0;0;219,82545871559634;0;0;7,287981651376147
PowLatec;29/07/2021, 11:00:00;1670,2746124031007;0;0;1670,2746124031007;0;0;0;0;1;1;1;1;0;0;219,93441860465117;0;0;7,973643410852713
PowLatec;29/07/2021, 12:00:00;1774,0938929889298;0;0;1774,0938929889298;0;0;0;0;1;1;1;1;0;0;219,50924354243543;0;0;8,413837638376384
PowLatec;29/07/2021, 13:00:00;1832,0158303886926;0;0;1832,0158303886926;0;0;0;0;1;1;1;1;0;0;217,49494699646644;0;0;8,700777385159011
PowLatec;29/07/2021, 14:00:00;1909,9252991452993;0;0;1909,9252991452993;0;0;0;0;1;1;1;1;0;0;216,48753846153846;0;0;9,174683760683761
PowLatec;29/07/2021, 15:00:00;1976,1905339805826;0;0;1976,1905339805826;0;0;0;0;1;1;1;1;0;0;219,17300970873785;0;0;9,404077669902913
PowLatec;29/07/2021, 16:00:00;1928,3535333333332;0;0;1928,3535333333332;0;0;0;0;1;1;1;1;0;0;219,66466666666665;0;0;9,2116
PowLatec;29/07/2021, 17:00:00;1848,795306451613;0;0;1848,795306451613;0;0;0;0;1;1;1;1;0;0;221,13841935483873;0;0;8,774370967741936
PowLatec;29/07/2021, 18:00:00;1782,301628664495;0;0;1782,301628664495;0;0;0;0;1;1;1;1;0;0;221,96775244299675;0;0;8,41900651465798
PowLatec;29/07/2021, 19:00:00;1641,965561694291;0;0;1641,965561694291;0;0;0;0;1;1;1;1;0;0;222,35696132596684;0;0;7,814327808471456
PowLatec;29/07/2021, 20:00:00;1629,2576744186047;0;0;1629,2576744186047;0;0;0;0;1;1;1;1;0;0;222,06457960644008;0;0;7,73525939177102
PowLatec;29/07/2021, 21:00:00;1561,5573558648111;0;0;1561,5573558648111;0;0;0;0;1;1;1;1;0;0;222,1521868787276;0;0;7,368767395626242
PowLatec;29/07/2021, 22:00:00;1535,110235756385;0;0;1535,110235756385;0;0;0;0;1;1;1;1;0;0;221,2260510805501;0;0;7,355304518664048
PowLatec;29/07/2021, 23:00:00;1466,2343881856539;0;0;1466,2343881856539;0;0;0;0;1;1;1;1;0;0;221,039388185654;0;0;7,006286919831224
PowLatec;30/07/2021, 0:00:00;1426,9425522041763;0;0;1426,9425522041763;0;0;0;0;1;1;1;1;0;0;219,60547563805102;0;0;6,830440835266821
PowLatec;30/07/2021, 1:00:00;1467,7053393665158;0;0;1467,7053393665158;0;0;0;0;1;1;1;1;0;0;219,57319004524885;0;0;7,059162895927602
PowLatec;30/07/2021, 2:00:00;1405,582275862069;0;0;1405,582275862069;0;0;0;0;1;1;1;1;0;0;219,42567816091955;0;0;6,751425287356321
PowLatec;30/07/2021, 3:00:00;1310,6653110047846;0;0;1310,6653110047846;0;0;0;0;1;1;1;1;0;0;219,7138277511962;0;0;6,3279425837320575
PowLatec;30/07/2021, 4:00:00;1290,5528877005347;0;0;1290,5528877005347;0;0;0;0;1;1;1;1;0;0;219,29689839572194;0;0;6,174598930481284
PowLatec;30/07/2021, 5:00:00;1294,394842105263;0;0;1294,394842105263;0;0;0;0;1;1;1;1;0;0;220,7601842105263;0;0;6,195842105263158
PowLatec;30/07/2021, 6:00:00;1287,6132487309644;0;0;1287,6132487309644;0;0;0;0;1;1;1;1;0;0;220,86850253807108;0;0;6,0837817258883256
PowLatec;30/07/2021, 7:00:00;1283,1860789473683;0;0;1283,1860789473683;0;0;0;0;1;1;1;1;0;0;220,44707894736842;0;0;6,090710526315791
PowLatec;30/07/2021, 8:00:00;1378,3934285714286;0;0;1378,3934285714286;0;0;0;0;1;1;1;1;0;0;220,47488311688312;0;0;6,5353766233766235
PowLatec;30/07/2021, 9:00:00;1436,6249172576834;0;0;1436,6249172576834;0;0;0;0;1;1;1;1;0;0;220,3152718676123;0;0;6,857565011820331
PowLatec;30/07/2021, 10:00:00;1495,9299328859058;0;0;1495,9299328859058;0;0;0;0;1;1;1;1;0;0;219,35241610738254;0;0;7,1456152125279635
PowLatec;30/07/2021, 11:00:00;1618,603237704918;0;0;1618,603237704918;0;0;0;0;1;1;1;1;0;0;220,0529918032787;0;0;7,711864754098361
PowLatec;30/07/2021, 12:00:00;1756,4028764805416;0;0;1756,4028764805416;0;0;0;0;1;1;1;1;0;0;219,8876649746193;0;0;8,36859560067682
PowLatec;30/07/2021, 13:00:00;1821,4312418300653;0;0;1821,4312418300653;0;0;0;0;1;1;1;1;0;0;217,64071895424837;0;0;8,651650326797386
PowLatec;30/07/2021, 14:00:00;1860,9273214285713;0;0;1860,9273214285713;0;0;0;0;1;1;1;1;0;0;216,8144642857143;0;0;8,946845238095237
PowLatec;30/07/2021, 15:00:00;1858,2881006493506;0;0;1858,2881006493506;0;0;0;0;1;1;1;1;0;0;218,03362012987017;0;0;8,958896103896105
PowLatec;30/07/2021, 16:00:00;1817,514678111588;0;0;1817,514678111588;0;0;0;0;1;1;1;1;0;0;220,3916738197425;0;0;8,643776824034335
